500
0 6128 1856 3237 9589 6847 9952 2133 8500 3875 8333 5095 8857 5087 5315 7579 8919 6692 5507 3032
1 6128 1856 3237 9589 6847 9952 2133 8500 3875 8333 5095 8857 5087 5315 7579 8919 6692 5507 3032
2 6128 1856 3237 9589 6847 9952 2133 8500 3875 8333 5095 8857 5087 5315 7579 8919 6692 5507 3032
3 6128 1856 3237 9589 6847 9952 2133 8500 3875 8333 5095 8857 5087 5315 7579 8919 6692 5507 3032
4 6128 1856 3237 9589 6847 9952 2133 8500 3875 8333 5095 8857 5087 5315 7579 8919 6692 5507 3032
5 6128 1856 3237 9589 6847 9952 2133 8500 3875 8333 5095 8857 5087 5315 7579 8919 6692 5507 3032
6 6128 1856 3237 9589 6847 9952 2133 8500 3875 8333 5095 8857 5087 5315 7579 8919 6692 5507 3032
7 6128 1856 3237 9589 6847 9952 2133 8500 3875 8333 5095 8857 5087 5315 7579 8919 6692 5507 3032
8 6128 1856 3237 9589 6847 9952 2133 8500 3875 8333 5095 8857 5087 5315 7579 8919 6692 5507 3032
9 6128 1856 3237 9589 6847 9952 2133 8500 3875 8333 5095 8857 5087 5315 7579 8919 6692 5507 3032
10 6128 1856 3237 9589 6847 9952 2133 8500 3875 8333 5095 8857 5087 5315 7579 8919 6692 5507 3032
11 6128 1856 3237 9589 6847 9952 2133 8500 3875 8333 5095 8857 5087 5315 7579 8919 6692 5507 3032
12 6128 1856 3237 9589 6847 9952 2133 8500 3875 8333 5095 8857 5087 5315 7579 8919 6692 5507 3032
13 6128 1856 3237 9589 6847 9952 2133 8500 3875 8333 5095 8857 5087 5315 7579 8919 6692 5507 3032
14 6128 1856 3237 9589 6847 9952 2133 8500 3875 8333 5095 8857 5087 5315 7579 8919 6692 5507 3032
15 6128 1856 3237 9589 6847 9952 2133 8500 3875 8333 5095 8857 5087 5315 7579 8919 6692 5507 3032
16 6128 1856 3237 9589 6847 9952 2133 8500 3875 8333 5095 8857 5087 5315 7579 8919 6692 5507 3032
17 6128 1856 3237 9589 6847 9952 2133 8500 3875 8333 5095 8857 5087 5315 7579 8919 6692 5507 3032
18 6128 1856 3237 9589 6847 9952 2133 8500 3875 8333 5095 8857 5087 5315 7579 8919 6692 5507 3032
19 6128 1856 3237 9589 6847 9952 2133 8500 3875 8333 5095 8857 5087 5315 7579 8919 6692 5507 3032
20 6128 1856 3237 9589 6847 9952 2133 8500 3875 8333 5095 8857 5087 5315 7579 8919 6692 5507 3032
21 6128 1856 3237 9589 6847 9952 2133 8500 3875 8333 5095 8857 5087 5315 7579 8919 6692 5507 3032
22 6128 1856 3237 9589 6847 9952 2133 8500 3875 8333 5095 8857 5087 5315 7579 8919 6692 5507 3032
23 6128 1856 3237 9589 6847 9952 2133 8500 3875 8333 5095 8857 5087 5315 7579 8919 6692 5507 3032
24 6128 1856 3237 9589 6847 9952 2133 8500 3875 8333 5095 8857 5087 5315 7579 8919 6692 5507 3032
25 6128 1856 3237 9589 6847 9952 2133 8500 3875 8333 5095 8857 5087 5315 7579 8919 6692 5507 3032
26 6128 1856 3237 9589 6847 9952 2133 8500 3875 8333 5095 8857 5087 5315 7579 8919 6692 5507 3032
27 6128 1856 3237 9589 6847 9952 2133 8500 3875 8333 5095 8857 5087 5315 7579 8919 6692 5507 3032
28 6128 1856 3237 9589 6847 9952 2133 8500 3875 8333 5095 8857 5087 5315 7579 8919 6692 5507 3032
29 6128 1856 3237 9589 6847 9952 2133 8500 3875 8333 5095 8857 5087 5315 7579 8919 6692 5507 3032
30 6128 1856 3237 9589 6847 9952 2133 8500 3875 8333 5095 8857 5087 5315 7579 8919 6692 5507 3032
31 6128 1856 3237 9589 6847 9952 2133 8500 3875 8333 5095 8857 5087 5315 7579 8919 6692 5507 3032
32 6128 1856 3237 9589 6847 9952 2133 8500 3875 8333 5095 8857 5087 5315 7579 8919 6692 5507 3032
33 6128 1856 3237 9589 6847 9952 2133 8500 3875 8333 5095 8857 5087 5315 7579 8919 6692 5507 3032
34 6128 1856 3237 9589 6847 9952 2133 8500 3875 8333 5095 8857 5087 5315 7579 8919 6692 5507 3032
35 6128 1856 3237 9589 6847 9952 2133 8500 3875 8333 5095 8857 5087 5315 7579 8919 6692 5507 3032
36 6128 1856 3237 9589 6847 9952 2133 8500 3875 8333 5095 8857 5087 5315 7579 8919 6692 5507 3032
37 6128 1856 3237 9589 6847 9952 2133 8500 3875 8333 5095 8857 5087 5315 7579 8919 6692 5507 3032
38 6128 1856 3237 9589 6847 9952 2133 8500 3875 8333 5095 8857 5087 5315 7579 8919 6692 5507 3032
39 6128 1856 3237 9589 6847 9952 2133 8500 3875 8333 5095 8857 5087 5315 7579 8919 6692 5507 3032
40 6128 1856 3237 9589 6847 9952 2133 8500 3875 8333 5095 8857 5087 5315 7579 8919 6692 5507 3032
41 6128 1856 3237 9589 6847 9952 2133 8500 3875 8333 5095 8857 5087 5315 7579 8919 6692 5507 3032
42 6128 1856 3237 9589 6847 9952 2133 8500 3875 8333 5095 8857 5087 5315 7579 8919 6692 5507 3032
43 6128 1856 3237 9589 6847 9952 2133 8500 3875 8333 5095 8857 5087 5315 7579 8919 6692 5507 3032
44 6128 1856 3237 9589 6847 9952 2133 8500 3875 8333 5095 8857 5087 5315 7579 8919 6692 5507 3032
45 6128 1856 3237 9589 6847 9952 2133 8500 3875 8333 5095 8857 5087 5315 7579 8919 6692 5507 3032
46 6128 1856 3237 9589 6847 9952 2133 8500 3875 8333 5095 8857 5087 5315 7579 8919 6692 5507 3032
47 6128 1856 3237 9589 6847 9952 2133 8500 3875 8333 5095 8857 5087 5315 7579 8919 6692 5507 3032
48 6128 1856 3237 9589 6847 9952 2133 8500 3875 8333 5095 8857 5087 5315 7579 8919 6692 5507 3032
49 6128 1856 3237 9589 6847 9952 2133 8500 3875 8333 5095 8857 5087 5315 7579 8919 6692 5507 3032
50 6128 1856 3237 9589 6847 9952 2133 8500 3875 8333 5095 8857 5087 5315 7579 8919 6692 5507 3032
51 6128 1856 3237 9589 6847 9952 2133 8500 3875 8333 5095 8857 5087 5315 7579 8919 6692 5507 3032
52 6128 1856 3237 9589 6847 9952 2133 8500 3875 8333 5095 8857 5087 5315 7579 8919 6692 5507 3032
53 6128 1856 3237 9589 6847 9952 2133 8500 3875 8333 5095 8857 5087 5315 7579 8919 6692 5507 3032
54 6128 1856 3237 9589 6847 9952 2133 8500 3875 8333 5095 8857 5087 5315 7579 8919 6692 5507 3032
55 6128 1856 3237 9589 6847 9952 2133 8500 3875 8333 5095 8857 5087 5315 7579 8919 6692 5507 3032
56 6128 1856 3237 9589 6847 9952 2133 8500 3875 8333 5095 8857 5087 5315 7579 8919 6692 5507 3032
57 6128 1856 3237 9589 6847 9952 2133 8500 3875 8333 5095 8857 5087 5315 7579 8919 6692 5507 3032
58 6128 1856 3237 9589 6847 9952 2133 8500 3875 8333 5095 8857 5087 5315 7579 8919 6692 5507 3032
59 6128 1856 3237 9589 6847 9952 2133 8500 3875 8333 5095 8857 5087 5315 7579 8919 6692 5507 3032
60 6128 1856 3237 9589 6847 9952 2133 8500 3875 8333 5095 8857 5087 5315 7579 8919 6692 5507 3032
61 6128 1856 3237 9589 6847 9952 2133 8500 3875 8333 5095 8857 5087 5315 7579 8919 6692 5507 3032
62 6128 1856 3237 9589 6847 9952 2133 8500 3875 8333 5095 8857 5087 5315 7579 8919 6692 5507 3032
63 6128 1856 3237 9589 6847 9952 2133 8500 3875 8333 5095 8857 5087 5315 7579 8919 6692 5507 3032
64 6128 1856 3237 9589 6847 9952 2133 8500 3875 8333 5095 8857 5087 5315 7579 8919 6692 5507 3032
65 6128 1856 3237 9589 6847 9952 2133 8500 3875 8333 5095 8857 5087 5315 7579 8919 6692 5507 3032
66 6128 1856 3237 9589 6847 9952 2133 8500 3875 8333 5095 8857 5087 5315 7579 8919 6692 5507 3032
67 6128 1856 3237 9589 6847 9952 2133 8500 3875 8333 5095 8857 5087 5315 7579 8919 6692 5507 3032
68 6128 1856 3237 9589 6847 9952 2133 8500 3875 8333 5095 8857 5087 5315 7579 8919 6692 5507 3032
69 6128 1856 3237 9589 6847 9952 2133 8500 3875 8333 5095 8857 5087 5315 7579 8919 6692 5507 3032
70 6128 1856 3237 9589 6847 9952 2133 8500 3875 8333 5095 8857 5087 5315 7579 8919 6692 5507 3032
71 6128 1856 3237 9589 6847 9952 2133 8500 3875 8333 5095 8857 5087 5315 7579 8919 6692 5507 3032
72 6128 1856 3237 9589 6847 9952 2133 8500 3875 8333 5095 8857 5087 5315 7579 8919 6692 5507 3032
73 6128 1856 3237 9589 6847 9952 2133 8500 3875 8333 5095 8857 5087 5315 7579 8919 6692 5507 3032
74 6128 1856 3237 9589 6847 9952 2133 8500 3875 8333 5095 8857 5087 5315 7579 8919 6692 5507 3032
75 6128 1856 3237 9589 6847 9952 2133 8500 3875 8333 5095 8857 5087 5315 7579 8919 6692 5507 3032
76 6128 1856 3237 9589 6847 9952 2133 8500 3875 8333 5095 8857 5087 5315 7579 8919 6692 5507 3032
77 6128 1856 3237 9589 6847 9952 2133 8500 3875 8333 5095 8857 5087 5315 7579 8919 6692 5507 3032
78 6128 1856 3237 9589 6847 9952 2133 8500 3875 8333 5095 8857 5087 5315 7579 8919 6692 5507 3032
79 6128 1856 3237 9589 6847 9952 2133 8500 3875 8333 5095 8857 5087 5315 7579 8919 6692 5507 3032
80 6128 1856 3237 9589 6847 9952 2133 8500 3875 8333 5095 8857 5087 5315 7579 8919 6692 5507 3032
81 6128 1856 3237 9589 6847 9952 2133 8500 3875 8333 5095 8857 5087 5315 7579 8919 6692 5507 3032
82 6128 1856 3237 9589 6847 9952 2133 8500 3875 8333 5095 8857 5087 5315 7579 8919 6692 5507 3032
83 6128 1856 3237 9589 6847 9952 2133 8500 3875 8333 5095 8857 5087 5315 7579 8919 6692 5507 3032
84 6128 1856 3237 9589 6847 9952 2133 8500 3875 8333 5095 8857 5087 5315 7579 8919 6692 5507 3032
85 6128 1856 3237 9589 6847 9952 2133 8500 3875 8333 5095 8857 5087 5315 7579 8919 6692 5507 3032
86 6128 1856 3237 9589 6847 9952 2133 8500 3875 8333 5095 8857 5087 5315 7579 8919 6692 5507 3032
87 6128 1856 3237 9589 6847 9952 2133 8500 3875 8333 5095 8857 5087 5315 7579 8919 6692 5507 3032
88 6128 1856 3237 9589 6847 9952 2133 8500 3875 8333 5095 8857 5087 5315 7579 8919 6692 5507 3032
89 6128 1856 3237 9589 6847 9952 2133 8500 3875 8333 5095 8857 5087 5315 7579 8919 6692 5507 3032
90 6128 1856 3237 9589 6847 9952 2133 8500 3875 8333 5095 8857 5087 5315 7579 8919 6692 5507 3032
91 6128 1856 3237 9589 6847 9952 2133 8500 3875 8333 5095 8857 5087 5315 7579 8919 6692 5507 3032
92 6128 1856 3237 9589 6847 9952 2133 8500 3875 8333 5095 8857 5087 5315 7579 8919 6692 5507 3032
93 6128 1856 3237 9589 6847 9952 2133 8500 3875 8333 5095 8857 5087 5315 7579 8919 6692 5507 3032
94 6128 1856 3237 9589 6847 9952 2133 8500 3875 8333 5095 8857 5087 5315 7579 8919 6692 5507 3032
95 6128 1856 3237 9589 6847 9952 2133 8500 3875 8333 5095 8857 5087 5315 7579 8919 6692 5507 3032
96 6128 1856 3237 9589 6847 9952 2133 8500 3875 8333 5095 8857 5087 5315 7579 8919 6692 5507 3032
97 6128 1856 3237 9589 6847 9952 2133 8500 3875 8333 5095 8857 5087 5315 7579 8919 6692 5507 3032
98 6128 1856 3237 9589 6847 9952 2133 8500 3875 8333 5095 8857 5087 5315 7579 8919 6692 5507 3032
99 6128 1856 3237 9589 6847 9952 2133 8500 3875 8333 5095 8857 5087 5315 7579 8919 6692 5507 3032
100 6128 1856 3237 9589 6847 9952 2133 8500 3875 8333 5095 8857 5087 5315 7579 8919 6692 5507 3032
101 6128 1856 3237 9589 6847 9952 2133 8500 3875 8333 5095 8857 5087 5315 7579 8919 6692 5507 3032
102 6128 1856 3237 9589 6847 9952 2133 8500 3875 8333 5095 8857 5087 5315 7579 8919 6692 5507 3032
103 6128 1856 3237 9589 6847 9952 2133 8500 3875 8333 5095 8857 5087 5315 7579 8919 6692 5507 3032
104 6128 1856 3237 9589 6847 9952 2133 8500 3875 8333 5095 8857 5087 5315 7579 8919 6692 5507 3032
105 6128 1856 3237 9589 6847 9952 2133 8500 3875 8333 5095 8857 5087 5315 7579 8919 6692 5507 3032
106 6128 1856 3237 9589 6847 9952 2133 8500 3875 8333 5095 8857 5087 5315 7579 8919 6692 5507 3032
107 6128 1856 3237 9589 6847 9952 2133 8500 3875 8333 5095 8857 5087 5315 7579 8919 6692 5507 3032
108 6128 1856 3237 9589 6847 9952 2133 8500 3875 8333 5095 8857 5087 5315 7579 8919 6692 5507 3032
109 6128 1856 3237 9589 6847 9952 2133 8500 3875 8333 5095 8857 5087 5315 7579 8919 6692 5507 3032
110 6128 1856 3237 9589 6847 9952 2133 8500 3875 8333 5095 8857 5087 5315 7579 8919 6692 5507 3032
111 6128 1856 3237 9589 6847 9952 2133 8500 3875 8333 5095 8857 5087 5315 7579 8919 6692 5507 3032
112 6128 1856 3237 9589 6847 9952 2133 8500 3875 8333 5095 8857 5087 5315 7579 8919 6692 5507 3032
113 6128 1856 3237 9589 6847 9952 2133 8500 3875 8333 5095 8857 5087 5315 7579 8919 6692 5507 3032
114 6128 1856 3237 9589 6847 9952 2133 8500 3875 8333 5095 8857 5087 5315 7579 8919 6692 5507 3032
115 6128 1856 3237 9589 6847 9952 2133 8500 3875 8333 5095 8857 5087 5315 7579 8919 6692 5507 3032
116 6128 1856 3237 9589 6847 9952 2133 8500 3875 8333 5095 8857 5087 5315 7579 8919 6692 5507 3032
117 6128 1856 3237 9589 6847 9952 2133 8500 3875 8333 5095 8857 5087 5315 7579 8919 6692 5507 3032
118 6128 1856 3237 9589 6847 9952 2133 8500 3875 8333 5095 8857 5087 5315 7579 8919 6692 5507 3032
119 6128 1856 3237 9589 6847 9952 2133 8500 3875 8333 5095 8857 5087 5315 7579 8919 6692 5507 3032
120 6128 1856 3237 9589 6847 9952 2133 8500 3875 8333 5095 8857 5087 5315 7579 8919 6692 5507 3032
121 6128 1856 3237 9589 6847 9952 2133 8500 3875 8333 5095 8857 5087 5315 7579 8919 6692 5507 3032
122 6128 1856 3237 9589 6847 9952 2133 8500 3875 8333 5095 8857 5087 5315 7579 8919 6692 5507 3032
123 6128 1856 3237 9589 6847 9952 2133 8500 3875 8333 5095 8857 5087 5315 7579 8919 6692 5507 3032
124 6128 1856 3237 9589 6847 9952 2133 8500 3875 8333 5095 8857 5087 5315 7579 8919 6692 5507 3032
125 6128 1856 3237 9589 6847 9952 2133 8500 3875 8333 5095 8857 5087 5315 7579 8919 6692 5507 3032
126 6128 1856 3237 9589 6847 9952 2133 8500 3875 8333 5095 8857 5087 5315 7579 8919 6692 5507 3032
127 6128 1856 3237 9589 6847 9952 2133 8500 3875 8333 5095 8857 5087 5315 7579 8919 6692 5507 3032
128 6128 1856 3237 9589 6847 9952 2133 8500 3875 8333 5095 8857 5087 5315 7579 8919 6692 5507 3032
129 6128 1856 3237 9589 6847 9952 2133 8500 3875 8333 5095 8857 5087 5315 7579 8919 6692 5507 3032
130 6128 1856 3237 9589 6847 9952 2133 8500 3875 8333 5095 8857 5087 5315 7579 8919 6692 5507 3032
131 6128 1856 3237 9589 6847 9952 2133 8500 3875 8333 5095 8857 5087 5315 7579 8919 6692 5507 3032
132 6128 1856 3237 9589 6847 9952 2133 8500 3875 8333 5095 8857 5087 5315 7579 8919 6692 5507 3032
133 6128 1856 3237 9589 6847 9952 2133 8500 3875 8333 5095 8857 5087 5315 7579 8919 6692 5507 3032
134 6128 1856 3237 9589 6847 9952 2133 8500 3875 8333 5095 8857 5087 5315 7579 8919 6692 5507 3032
135 6128 1856 3237 9589 6847 9952 2133 8500 3875 8333 5095 8857 5087 5315 7579 8919 6692 5507 3032
136 6128 1856 3237 9589 6847 9952 2133 8500 3875 8333 5095 8857 5087 5315 7579 8919 6692 5507 3032
137 6128 1856 3237 9589 6847 9952 2133 8500 3875 8333 5095 8857 5087 5315 7579 8919 6692 5507 3032
138 6128 1856 3237 9589 6847 9952 2133 8500 3875 8333 5095 8857 5087 5315 7579 8919 6692 5507 3032
139 6128 1856 3237 9589 6847 9952 2133 8500 3875 8333 5095 8857 5087 5315 7579 8919 6692 5507 3032
140 6128 1856 3237 9589 6847 9952 2133 8500 3875 8333 5095 8857 5087 5315 7579 8919 6692 5507 3032
141 6128 1856 3237 9589 6847 9952 2133 8500 3875 8333 5095 8857 5087 5315 7579 8919 6692 5507 3032
142 6128 1856 3237 9589 6847 9952 2133 8500 3875 8333 5095 8857 5087 5315 7579 8919 6692 5507 3032
143 6128 1856 3237 9589 6847 9952 2133 8500 3875 8333 5095 8857 5087 5315 7579 8919 6692 5507 3032
144 6128 1856 3237 9589 6847 9952 2133 8500 3875 8333 5095 8857 5087 5315 7579 8919 6692 5507 3032
145 6128 1856 3237 9589 6847 9952 2133 8500 3875 8333 5095 8857 5087 5315 7579 8919 6692 5507 3032
146 6128 1856 3237 9589 6847 9952 2133 8500 3875 8333 5095 8857 5087 5315 7579 8919 6692 5507 3032
147 6128 1856 3237 9589 6847 9952 2133 8500 3875 8333 5095 8857 5087 5315 7579 8919 6692 5507 3032
148 6128 1856 3237 9589 6847 9952 2133 8500 3875 8333 5095 8857 5087 5315 7579 8919 6692 5507 3032
149 6128 1856 3237 9589 6847 9952 2133 8500 3875 8333 5095 8857 5087 5315 7579 8919 6692 5507 3032
150 6128 1856 3237 9589 6847 9952 2133 8500 3875 8333 5095 8857 5087 5315 7579 8919 6692 5507 3032
151 6128 1856 3237 9589 6847 9952 2133 8500 3875 8333 5095 8857 5087 5315 7579 8919 6692 5507 3032
152 6128 1856 3237 9589 6847 9952 2133 8500 3875 8333 5095 8857 5087 5315 7579 8919 6692 5507 3032
153 6128 1856 3237 9589 6847 9952 2133 8500 3875 8333 5095 8857 5087 5315 7579 8919 6692 5507 3032
154 6128 1856 3237 9589 6847 9952 2133 8500 3875 8333 5095 8857 5087 5315 7579 8919 6692 5507 3032
155 6128 1856 3237 9589 6847 9952 2133 8500 3875 8333 5095 8857 5087 5315 7579 8919 6692 5507 3032
156 6128 1856 3237 9589 6847 9952 2133 8500 3875 8333 5095 8857 5087 5315 7579 8919 6692 5507 3032
157 6128 1856 3237 9589 6847 9952 2133 8500 3875 8333 5095 8857 5087 5315 7579 8919 6692 5507 3032
158 6128 1856 3237 9589 6847 9952 2133 8500 3875 8333 5095 8857 5087 5315 7579 8919 6692 5507 3032
159 6128 1856 3237 9589 6847 9952 2133 8500 3875 8333 5095 8857 5087 5315 7579 8919 6692 5507 3032
160 6128 1856 3237 9589 6847 9952 2133 8500 3875 8333 5095 8857 5087 5315 7579 8919 6692 5507 3032
161 6128 1856 3237 9589 6847 9952 2133 8500 3875 8333 5095 8857 5087 5315 7579 8919 6692 5507 3032
162 6128 1856 3237 9589 6847 9952 2133 8500 3875 8333 5095 8857 5087 5315 7579 8919 6692 5507 3032
163 6128 1856 3237 9589 6847 9952 2133 8500 3875 8333 5095 8857 5087 5315 7579 8919 6692 5507 3032
164 6128 1856 3237 9589 6847 9952 2133 8500 3875 8333 5095 8857 5087 5315 7579 8919 6692 5507 3032
165 6128 1856 3237 9589 6847 9952 2133 8500 3875 8333 5095 8857 5087 5315 7579 8919 6692 5507 3032
166 6128 1856 3237 9589 6847 9952 2133 8500 3875 8333 5095 8857 5087 5315 7579 8919 6692 5507 3032
167 6128 1856 3237 9589 6847 9952 2133 8500 3875 8333 5095 8857 5087 5315 7579 8919 6692 5507 3032
168 6128 1856 3237 9589 6847 9952 2133 8500 3875 8333 5095 8857 5087 5315 7579 8919 6692 5507 3032
169 6128 1856 3237 9589 6847 9952 2133 8500 3875 8333 5095 8857 5087 5315 7579 8919 6692 5507 3032
170 6128 1856 3237 9589 6847 9952 2133 8500 3875 8333 5095 8857 5087 5315 7579 8919 6692 5507 3032
171 6128 1856 3237 9589 6847 9952 2133 8500 3875 8333 5095 8857 5087 5315 7579 8919 6692 5507 3032
172 6128 1856 3237 9589 6847 9952 2133 8500 3875 8333 5095 8857 5087 5315 7579 8919 6692 5507 3032
173 6128 1856 3237 9589 6847 9952 2133 8500 3875 8333 5095 8857 5087 5315 7579 8919 6692 5507 3032
174 6128 1856 3237 9589 6847 9952 2133 8500 3875 8333 5095 8857 5087 5315 7579 8919 6692 5507 3032
175 6128 1856 3237 9589 6847 9952 2133 8500 3875 8333 5095 8857 5087 5315 7579 8919 6692 5507 3032
176 6128 1856 3237 9589 6847 9952 2133 8500 3875 8333 5095 8857 5087 5315 7579 8919 6692 5507 3032
177 6128 1856 3237 9589 6847 9952 2133 8500 3875 8333 5095 8857 5087 5315 7579 8919 6692 5507 3032
178 6128 1856 3237 9589 6847 9952 2133 8500 3875 8333 5095 8857 5087 5315 7579 8919 6692 5507 3032
179 6128 1856 3237 9589 6847 9952 2133 8500 3875 8333 5095 8857 5087 5315 7579 8919 6692 5507 3032
180 6128 1856 3237 9589 6847 9952 2133 8500 3875 8333 5095 8857 5087 5315 7579 8919 6692 5507 3032
181 6128 1856 3237 9589 6847 9952 2133 8500 3875 8333 5095 8857 5087 5315 7579 8919 6692 5507 3032
182 6128 1856 3237 9589 6847 9952 2133 8500 3875 8333 5095 8857 5087 5315 7579 8919 6692 5507 3032
183 6128 1856 3237 9589 6847 9952 2133 8500 3875 8333 5095 8857 5087 5315 7579 8919 6692 5507 3032
184 6128 1856 3237 9589 6847 9952 2133 8500 3875 8333 5095 8857 5087 5315 7579 8919 6692 5507 3032
185 6128 1856 3237 9589 6847 9952 2133 8500 3875 8333 5095 8857 5087 5315 7579 8919 6692 5507 3032
186 6128 1856 3237 9589 6847 9952 2133 8500 3875 8333 5095 8857 5087 5315 7579 8919 6692 5507 3032
187 6128 1856 3237 9589 6847 9952 2133 8500 3875 8333 5095 8857 5087 5315 7579 8919 6692 5507 3032
188 6128 1856 3237 9589 6847 9952 2133 8500 3875 8333 5095 8857 5087 5315 7579 8919 6692 5507 3032
189 6128 1856 3237 9589 6847 9952 2133 8500 3875 8333 5095 8857 5087 5315 7579 8919 6692 5507 3032
190 6128 1856 3237 9589 6847 9952 2133 8500 3875 8333 5095 8857 5087 5315 7579 8919 6692 5507 3032
191 6128 1856 3237 9589 6847 9952 2133 8500 3875 8333 5095 8857 5087 5315 7579 8919 6692 5507 3032
192 6128 1856 3237 9589 6847 9952 2133 8500 3875 8333 5095 8857 5087 5315 7579 8919 6692 5507 3032
193 6128 1856 3237 9589 6847 9952 2133 8500 3875 8333 5095 8857 5087 5315 7579 8919 6692 5507 3032
194 6128 1856 3237 9589 6847 9952 2133 8500 3875 8333 5095 8857 5087 5315 7579 8919 6692 5507 3032
195 6128 1856 3237 9589 6847 9952 2133 8500 3875 8333 5095 8857 5087 5315 7579 8919 6692 5507 3032
196 6128 1856 3237 9589 6847 9952 2133 8500 3875 8333 5095 8857 5087 5315 7579 8919 6692 5507 3032
197 6128 1856 3237 9589 6847 9952 2133 8500 3875 8333 5095 8857 5087 5315 7579 8919 6692 5507 3032
198 6128 1856 3237 9589 6847 9952 2133 8500 3875 8333 5095 8857 5087 5315 7579 8919 6692 5507 3032
199 6128 1856 3237 9589 6847 9952 2133 8500 3875 8333 5095 8857 5087 5315 7579 8919 6692 5507 3032
200 6128 1856 3237 9589 6847 9952 2133 8500 3875 8333 5095 8857 5087 5315 7579 8919 6692 5507 3032
201 6128 1856 3237 9589 6847 9952 2133 8500 3875 8333 5095 8857 5087 5315 7579 8919 6692 5507 3032
202 6128 1856 3237 9589 6847 9952 2133 8500 3875 8333 5095 8857 5087 5315 7579 8919 6692 5507 3032
203 6128 1856 3237 9589 6847 9952 2133 8500 3875 8333 5095 8857 5087 5315 7579 8919 6692 5507 3032
204 6128 1856 3237 9589 6847 9952 2133 8500 3875 8333 5095 8857 5087 5315 7579 8919 6692 5507 3032
205 6128 1856 3237 9589 6847 9952 2133 8500 3875 8333 5095 8857 5087 5315 7579 8919 6692 5507 3032
206 6128 1856 3237 9589 6847 9952 2133 8500 3875 8333 5095 8857 5087 5315 7579 8919 6692 5507 3032
207 6128 1856 3237 9589 6847 9952 2133 8500 3875 8333 5095 8857 5087 5315 7579 8919 6692 5507 3032
208 6128 1856 3237 9589 6847 9952 2133 8500 3875 8333 5095 8857 5087 5315 7579 8919 6692 5507 3032
209 6128 1856 3237 9589 6847 9952 2133 8500 3875 8333 5095 8857 5087 5315 7579 8919 6692 5507 3032
210 6128 1856 3237 9589 6847 9952 2133 8500 3875 8333 5095 8857 5087 5315 7579 8919 6692 5507 3032
211 6128 1856 3237 9589 6847 9952 2133 8500 3875 8333 5095 8857 5087 5315 7579 8919 6692 5507 3032
212 6128 1856 3237 9589 6847 9952 2133 8500 3875 8333 5095 8857 5087 5315 7579 8919 6692 5507 3032
213 6128 1856 3237 9589 6847 9952 2133 8500 3875 8333 5095 8857 5087 5315 7579 8919 6692 5507 3032
214 6128 1856 3237 9589 6847 9952 2133 8500 3875 8333 5095 8857 5087 5315 7579 8919 6692 5507 3032
215 6128 1856 3237 9589 6847 9952 2133 8500 3875 8333 5095 8857 5087 5315 7579 8919 6692 5507 3032
216 6128 1856 3237 9589 6847 9952 2133 8500 3875 8333 5095 8857 5087 5315 7579 8919 6692 5507 3032
217 6128 1856 3237 9589 6847 9952 2133 8500 3875 8333 5095 8857 5087 5315 7579 8919 6692 5507 3032
218 6128 1856 3237 9589 6847 9952 2133 8500 3875 8333 5095 8857 5087 5315 7579 8919 6692 5507 3032
219 6128 1856 3237 9589 6847 9952 2133 8500 3875 8333 5095 8857 5087 5315 7579 8919 6692 5507 3032
220 6128 1856 3237 9589 6847 9952 2133 8500 3875 8333 5095 8857 5087 5315 7579 8919 6692 5507 3032
221 6128 1856 3237 9589 6847 9952 2133 8500 3875 8333 5095 8857 5087 5315 7579 8919 6692 5507 3032
222 6128 1856 3237 9589 6847 9952 2133 8500 3875 8333 5095 8857 5087 5315 7579 8919 6692 5507 3032
223 6128 1856 3237 9589 6847 9952 2133 8500 3875 8333 5095 8857 5087 5315 7579 8919 6692 5507 3032
224 6128 1856 3237 9589 6847 9952 2133 8500 3875 8333 5095 8857 5087 5315 7579 8919 6692 5507 3032
225 6128 1856 3237 9589 6847 9952 2133 8500 3875 8333 5095 8857 5087 5315 7579 8919 6692 5507 3032
226 6128 1856 3237 9589 6847 9952 2133 8500 3875 8333 5095 8857 5087 5315 7579 8919 6692 5507 3032
227 6128 1856 3237 9589 6847 9952 2133 8500 3875 8333 5095 8857 5087 5315 7579 8919 6692 5507 3032
228 6128 1856 3237 9589 6847 9952 2133 8500 3875 8333 5095 8857 5087 5315 7579 8919 6692 5507 3032
229 6128 1856 3237 9589 6847 9952 2133 8500 3875 8333 5095 8857 5087 5315 7579 8919 6692 5507 3032
230 6128 1856 3237 9589 6847 9952 2133 8500 3875 8333 5095 8857 5087 5315 7579 8919 6692 5507 3032
231 6128 1856 3237 9589 6847 9952 2133 8500 3875 8333 5095 8857 5087 5315 7579 8919 6692 5507 3032
232 6128 1856 3237 9589 6847 9952 2133 8500 3875 8333 5095 8857 5087 5315 7579 8919 6692 5507 3032
233 6128 1856 3237 9589 6847 9952 2133 8500 3875 8333 5095 8857 5087 5315 7579 8919 6692 5507 3032
234 6128 1856 3237 9589 6847 9952 2133 8500 3875 8333 5095 8857 5087 5315 7579 8919 6692 5507 3032
235 6128 1856 3237 9589 6847 9952 2133 8500 3875 8333 5095 8857 5087 5315 7579 8919 6692 5507 3032
236 6128 1856 3237 9589 6847 9952 2133 8500 3875 8333 5095 8857 5087 5315 7579 8919 6692 5507 3032
237 6128 1856 3237 9589 6847 9952 2133 8500 3875 8333 5095 8857 5087 5315 7579 8919 6692 5507 3032
238 6128 1856 3237 9589 6847 9952 2133 8500 3875 8333 5095 8857 5087 5315 7579 8919 6692 5507 3032
239 6128 1856 3237 9589 6847 9952 2133 8500 3875 8333 5095 8857 5087 5315 7579 8919 6692 5507 3032
240 6128 1856 3237 9589 6847 9952 2133 8500 3875 8333 5095 8857 5087 5315 7579 8919 6692 5507 3032
241 6128 1856 3237 9589 6847 9952 2133 8500 3875 8333 5095 8857 5087 5315 7579 8919 6692 5507 3032
242 6128 1856 3237 9589 6847 9952 2133 8500 3875 8333 5095 8857 5087 5315 7579 8919 6692 5507 3032
243 6128 1856 3237 9589 6847 9952 2133 8500 3875 8333 5095 8857 5087 5315 7579 8919 6692 5507 3032
244 6128 1856 3237 9589 6847 9952 2133 8500 3875 8333 5095 8857 5087 5315 7579 8919 6692 5507 3032
245 6128 1856 3237 9589 6847 9952 2133 8500 3875 8333 5095 8857 5087 5315 7579 8919 6692 5507 3032
246 6128 1856 3237 9589 6847 9952 2133 8500 3875 8333 5095 8857 5087 5315 7579 8919 6692 5507 3032
247 6128 1856 3237 9589 6847 9952 2133 8500 3875 8333 5095 8857 5087 5315 7579 8919 6692 5507 3032
248 6128 1856 3237 9589 6847 9952 2133 8500 3875 8333 5095 8857 5087 5315 7579 8919 6692 5507 3032
249 6128 1856 3237 9589 6847 9952 2133 8500 3875 8333 5095 8857 5087 5315 7579 8919 6692 5507 3032
250 6128 1856 3237 9589 6847 9952 2133 8500 3875 8333 5095 8857 5087 5315 7579 8919 6692 5507 3032
251 6128 1856 3237 9589 6847 9952 2133 8500 3875 8333 5095 8857 5087 5315 7579 8919 6692 5507 3032
252 6128 1856 3237 9589 6847 9952 2133 8500 3875 8333 5095 8857 5087 5315 7579 8919 6692 5507 3032
253 6128 1856 3237 9589 6847 9952 2133 8500 3875 8333 5095 8857 5087 5315 7579 8919 6692 5507 3032
254 6128 1856 3237 9589 6847 9952 2133 8500 3875 8333 5095 8857 5087 5315 7579 8919 6692 5507 3032
255 6128 1856 3237 9589 6847 9952 2133 8500 3875 8333 5095 8857 5087 5315 7579 8919 6692 5507 3032
256 6128 1856 3237 9589 6847 9952 2133 8500 3875 8333 5095 8857 5087 5315 7579 8919 6692 5507 3032
257 6128 1856 3237 9589 6847 9952 2133 8500 3875 8333 5095 8857 5087 5315 7579 8919 6692 5507 3032
258 6128 1856 3237 9589 6847 9952 2133 8500 3875 8333 5095 8857 5087 5315 7579 8919 6692 5507 3032
259 6128 1856 3237 9589 6847 9952 2133 8500 3875 8333 5095 8857 5087 5315 7579 8919 6692 5507 3032
260 6128 1856 3237 9589 6847 9952 2133 8500 3875 8333 5095 8857 5087 5315 7579 8919 6692 5507 3032
261 6128 1856 3237 9589 6847 9952 2133 8500 3875 8333 5095 8857 5087 5315 7579 8919 6692 5507 3032
262 6128 1856 3237 9589 6847 9952 2133 8500 3875 8333 5095 8857 5087 5315 7579 8919 6692 5507 3032
263 6128 1856 3237 9589 6847 9952 2133 8500 3875 8333 5095 8857 5087 5315 7579 8919 6692 5507 3032
264 6128 1856 3237 9589 6847 9952 2133 8500 3875 8333 5095 8857 5087 5315 7579 8919 6692 5507 3032
265 6128 1856 3237 9589 6847 9952 2133 8500 3875 8333 5095 8857 5087 5315 7579 8919 6692 5507 3032
266 6128 1856 3237 9589 6847 9952 2133 8500 3875 8333 5095 8857 5087 5315 7579 8919 6692 5507 3032
267 6128 1856 3237 9589 6847 9952 2133 8500 3875 8333 5095 8857 5087 5315 7579 8919 6692 5507 3032
268 6128 1856 3237 9589 6847 9952 2133 8500 3875 8333 5095 8857 5087 5315 7579 8919 6692 5507 3032
269 6128 1856 3237 9589 6847 9952 2133 8500 3875 8333 5095 8857 5087 5315 7579 8919 6692 5507 3032
270 6128 1856 3237 9589 6847 9952 2133 8500 3875 8333 5095 8857 5087 5315 7579 8919 6692 5507 3032
271 6128 1856 3237 9589 6847 9952 2133 8500 3875 8333 5095 8857 5087 5315 7579 8919 6692 5507 3032
272 6128 1856 3237 9589 6847 9952 2133 8500 3875 8333 5095 8857 5087 5315 7579 8919 6692 5507 3032
273 6128 1856 3237 9589 6847 9952 2133 8500 3875 8333 5095 8857 5087 5315 7579 8919 6692 5507 3032
274 6128 1856 3237 9589 6847 9952 2133 8500 3875 8333 5095 8857 5087 5315 7579 8919 6692 5507 3032
275 6128 1856 3237 9589 6847 9952 2133 8500 3875 8333 5095 8857 5087 5315 7579 8919 6692 5507 3032
276 6128 1856 3237 9589 6847 9952 2133 8500 3875 8333 5095 8857 5087 5315 7579 8919 6692 5507 3032
277 6128 1856 3237 9589 6847 9952 2133 8500 3875 8333 5095 8857 5087 5315 7579 8919 6692 5507 3032
278 6128 1856 3237 9589 6847 9952 2133 8500 3875 8333 5095 8857 5087 5315 7579 8919 6692 5507 3032
279 6128 1856 3237 9589 6847 9952 2133 8500 3875 8333 5095 8857 5087 5315 7579 8919 6692 5507 3032
280 6128 1856 3237 9589 6847 9952 2133 8500 3875 8333 5095 8857 5087 5315 7579 8919 6692 5507 3032
281 6128 1856 3237 9589 6847 9952 2133 8500 3875 8333 5095 8857 5087 5315 7579 8919 6692 5507 3032
282 6128 1856 3237 9589 6847 9952 2133 8500 3875 8333 5095 8857 5087 5315 7579 8919 6692 5507 3032
283 6128 1856 3237 9589 6847 9952 2133 8500 3875 8333 5095 8857 5087 5315 7579 8919 6692 5507 3032
284 6128 1856 3237 9589 6847 9952 2133 8500 3875 8333 5095 8857 5087 5315 7579 8919 6692 5507 3032
285 6128 1856 3237 9589 6847 9952 2133 8500 3875 8333 5095 8857 5087 5315 7579 8919 6692 5507 3032
286 6128 1856 3237 9589 6847 9952 2133 8500 3875 8333 5095 8857 5087 5315 7579 8919 6692 5507 3032
287 6128 1856 3237 9589 6847 9952 2133 8500 3875 8333 5095 8857 5087 5315 7579 8919 6692 5507 3032
288 6128 1856 3237 9589 6847 9952 2133 8500 3875 8333 5095 8857 5087 5315 7579 8919 6692 5507 3032
289 6128 1856 3237 9589 6847 9952 2133 8500 3875 8333 5095 8857 5087 5315 7579 8919 6692 5507 3032
290 6128 1856 3237 9589 6847 9952 2133 8500 3875 8333 5095 8857 5087 5315 7579 8919 6692 5507 3032
291 6128 1856 3237 9589 6847 9952 2133 8500 3875 8333 5095 8857 5087 5315 7579 8919 6692 5507 3032
292 6128 1856 3237 9589 6847 9952 2133 8500 3875 8333 5095 8857 5087 5315 7579 8919 6692 5507 3032
293 6128 1856 3237 9589 6847 9952 2133 8500 3875 8333 5095 8857 5087 5315 7579 8919 6692 5507 3032
294 6128 1856 3237 9589 6847 9952 2133 8500 3875 8333 5095 8857 5087 5315 7579 8919 6692 5507 3032
295 6128 1856 3237 9589 6847 9952 2133 8500 3875 8333 5095 8857 5087 5315 7579 8919 6692 5507 3032
296 6128 1856 3237 9589 6847 9952 2133 8500 3875 8333 5095 8857 5087 5315 7579 8919 6692 5507 3032
297 6128 1856 3237 9589 6847 9952 2133 8500 3875 8333 5095 8857 5087 5315 7579 8919 6692 5507 3032
298 6128 1856 3237 9589 6847 9952 2133 8500 3875 8333 5095 8857 5087 5315 7579 8919 6692 5507 3032
299 6128 1856 3237 9589 6847 9952 2133 8500 3875 8333 5095 8857 5087 5315 7579 8919 6692 5507 3032
300 6128 1856 3237 9589 6847 9952 2133 8500 3875 8333 5095 8857 5087 5315 7579 8919 6692 5507 3032
301 6128 1856 3237 9589 6847 9952 2133 8500 3875 8333 5095 8857 5087 5315 7579 8919 6692 5507 3032
302 6128 1856 3237 9589 6847 9952 2133 8500 3875 8333 5095 8857 5087 5315 7579 8919 6692 5507 3032
303 6128 1856 3237 9589 6847 9952 2133 8500 3875 8333 5095 8857 5087 5315 7579 8919 6692 5507 3032
304 6128 1856 3237 9589 6847 9952 2133 8500 3875 8333 5095 8857 5087 5315 7579 8919 6692 5507 3032
305 6128 1856 3237 9589 6847 9952 2133 8500 3875 8333 5095 8857 5087 5315 7579 8919 6692 5507 3032
306 6128 1856 3237 9589 6847 9952 2133 8500 3875 8333 5095 8857 5087 5315 7579 8919 6692 5507 3032
307 6128 1856 3237 9589 6847 9952 2133 8500 3875 8333 5095 8857 5087 5315 7579 8919 6692 5507 3032
308 6128 1856 3237 9589 6847 9952 2133 8500 3875 8333 5095 8857 5087 5315 7579 8919 6692 5507 3032
309 6128 1856 3237 9589 6847 9952 2133 8500 3875 8333 5095 8857 5087 5315 7579 8919 6692 5507 3032
310 6128 1856 3237 9589 6847 9952 2133 8500 3875 8333 5095 8857 5087 5315 7579 8919 6692 5507 3032
311 6128 1856 3237 9589 6847 9952 2133 8500 3875 8333 5095 8857 5087 5315 7579 8919 6692 5507 3032
312 6128 1856 3237 9589 6847 9952 2133 8500 3875 8333 5095 8857 5087 5315 7579 8919 6692 5507 3032
313 6128 1856 3237 9589 6847 9952 2133 8500 3875 8333 5095 8857 5087 5315 7579 8919 6692 5507 3032
314 6128 1856 3237 9589 6847 9952 2133 8500 3875 8333 5095 8857 5087 5315 7579 8919 6692 5507 3032
315 6128 1856 3237 9589 6847 9952 2133 8500 3875 8333 5095 8857 5087 5315 7579 8919 6692 5507 3032
316 6128 1856 3237 9589 6847 9952 2133 8500 3875 8333 5095 8857 5087 5315 7579 8919 6692 5507 3032
317 6128 1856 3237 9589 6847 9952 2133 8500 3875 8333 5095 8857 5087 5315 7579 8919 6692 5507 3032
318 6128 1856 3237 9589 6847 9952 2133 8500 3875 8333 5095 8857 5087 5315 7579 8919 6692 5507 3032
319 6128 1856 3237 9589 6847 9952 2133 8500 3875 8333 5095 8857 5087 5315 7579 8919 6692 5507 3032
320 6128 1856 3237 9589 6847 9952 2133 8500 3875 8333 5095 8857 5087 5315 7579 8919 6692 5507 3032
321 6128 1856 3237 9589 6847 9952 2133 8500 3875 8333 5095 8857 5087 5315 7579 8919 6692 5507 3032
322 6128 1856 3237 9589 6847 9952 2133 8500 3875 8333 5095 8857 5087 5315 7579 8919 6692 5507 3032
323 6128 1856 3237 9589 6847 9952 2133 8500 3875 8333 5095 8857 5087 5315 7579 8919 6692 5507 3032
324 6128 1856 3237 9589 6847 9952 2133 8500 3875 8333 5095 8857 5087 5315 7579 8919 6692 5507 3032
325 6128 1856 3237 9589 6847 9952 2133 8500 3875 8333 5095 8857 5087 5315 7579 8919 6692 5507 3032
326 6128 1856 3237 9589 6847 9952 2133 8500 3875 8333 5095 8857 5087 5315 7579 8919 6692 5507 3032
327 6128 1856 3237 9589 6847 9952 2133 8500 3875 8333 5095 8857 5087 5315 7579 8919 6692 5507 3032
328 6128 1856 3237 9589 6847 9952 2133 8500 3875 8333 5095 8857 5087 5315 7579 8919 6692 5507 3032
329 6128 1856 3237 9589 6847 9952 2133 8500 3875 8333 5095 8857 5087 5315 7579 8919 6692 5507 3032
330 6128 1856 3237 9589 6847 9952 2133 8500 3875 8333 5095 8857 5087 5315 7579 8919 6692 5507 3032
331 6128 1856 3237 9589 6847 9952 2133 8500 3875 8333 5095 8857 5087 5315 7579 8919 6692 5507 3032
332 6128 1856 3237 9589 6847 9952 2133 8500 3875 8333 5095 8857 5087 5315 7579 8919 6692 5507 3032
333 6128 1856 3237 9589 6847 9952 2133 8500 3875 8333 5095 8857 5087 5315 7579 8919 6692 5507 3032
334 6128 1856 3237 9589 6847 9952 2133 8500 3875 8333 5095 8857 5087 5315 7579 8919 6692 5507 3032
335 6128 1856 3237 9589 6847 9952 2133 8500 3875 8333 5095 8857 5087 5315 7579 8919 6692 5507 3032
336 6128 1856 3237 9589 6847 9952 2133 8500 3875 8333 5095 8857 5087 5315 7579 8919 6692 5507 3032
337 6128 1856 3237 9589 6847 9952 2133 8500 3875 8333 5095 8857 5087 5315 7579 8919 6692 5507 3032
338 6128 1856 3237 9589 6847 9952 2133 8500 3875 8333 5095 8857 5087 5315 7579 8919 6692 5507 3032
339 6128 1856 3237 9589 6847 9952 2133 8500 3875 8333 5095 8857 5087 5315 7579 8919 6692 5507 3032
340 6128 1856 3237 9589 6847 9952 2133 8500 3875 8333 5095 8857 5087 5315 7579 8919 6692 5507 3032
341 6128 1856 3237 9589 6847 9952 2133 8500 3875 8333 5095 8857 5087 5315 7579 8919 6692 5507 3032
342 6128 1856 3237 9589 6847 9952 2133 8500 3875 8333 5095 8857 5087 5315 7579 8919 6692 5507 3032
343 6128 1856 3237 9589 6847 9952 2133 8500 3875 8333 5095 8857 5087 5315 7579 8919 6692 5507 3032
344 6128 1856 3237 9589 6847 9952 2133 8500 3875 8333 5095 8857 5087 5315 7579 8919 6692 5507 3032
345 6128 1856 3237 9589 6847 9952 2133 8500 3875 8333 5095 8857 5087 5315 7579 8919 6692 5507 3032
346 6128 1856 3237 9589 6847 9952 2133 8500 3875 8333 5095 8857 5087 5315 7579 8919 6692 5507 3032
347 6128 1856 3237 9589 6847 9952 2133 8500 3875 8333 5095 8857 5087 5315 7579 8919 6692 5507 3032
348 6128 1856 3237 9589 6847 9952 2133 8500 3875 8333 5095 8857 5087 5315 7579 8919 6692 5507 3032
349 6128 1856 3237 9589 6847 9952 2133 8500 3875 8333 5095 8857 5087 5315 7579 8919 6692 5507 3032
350 6128 1856 3237 9589 6847 9952 2133 8500 3875 8333 5095 8857 5087 5315 7579 8919 6692 5507 3032
351 6128 1856 3237 9589 6847 9952 2133 8500 3875 8333 5095 8857 5087 5315 7579 8919 6692 5507 3032
352 6128 1856 3237 9589 6847 9952 2133 8500 3875 8333 5095 8857 5087 5315 7579 8919 6692 5507 3032
353 6128 1856 3237 9589 6847 9952 2133 8500 3875 8333 5095 8857 5087 5315 7579 8919 6692 5507 3032
354 6128 1856 3237 9589 6847 9952 2133 8500 3875 8333 5095 8857 5087 5315 7579 8919 6692 5507 3032
355 6128 1856 3237 9589 6847 9952 2133 8500 3875 8333 5095 8857 5087 5315 7579 8919 6692 5507 3032
356 6128 1856 3237 9589 6847 9952 2133 8500 3875 8333 5095 8857 5087 5315 7579 8919 6692 5507 3032
357 6128 1856 3237 9589 6847 9952 2133 8500 3875 8333 5095 8857 5087 5315 7579 8919 6692 5507 3032
358 6128 1856 3237 9589 6847 9952 2133 8500 3875 8333 5095 8857 5087 5315 7579 8919 6692 5507 3032
359 6128 1856 3237 9589 6847 9952 2133 8500 3875 8333 5095 8857 5087 5315 7579 8919 6692 5507 3032
360 6128 1856 3237 9589 6847 9952 2133 8500 3875 8333 5095 8857 5087 5315 7579 8919 6692 5507 3032
361 6128 1856 3237 9589 6847 9952 2133 8500 3875 8333 5095 8857 5087 5315 7579 8919 6692 5507 3032
362 6128 1856 3237 9589 6847 9952 2133 8500 3875 8333 5095 8857 5087 5315 7579 8919 6692 5507 3032
363 6128 1856 3237 9589 6847 9952 2133 8500 3875 8333 5095 8857 5087 5315 7579 8919 6692 5507 3032
364 6128 1856 3237 9589 6847 9952 2133 8500 3875 8333 5095 8857 5087 5315 7579 8919 6692 5507 3032
365 6128 1856 3237 9589 6847 9952 2133 8500 3875 8333 5095 8857 5087 5315 7579 8919 6692 5507 3032
366 6128 1856 3237 9589 6847 9952 2133 8500 3875 8333 5095 8857 5087 5315 7579 8919 6692 5507 3032
367 6128 1856 3237 9589 6847 9952 2133 8500 3875 8333 5095 8857 5087 5315 7579 8919 6692 5507 3032
368 6128 1856 3237 9589 6847 9952 2133 8500 3875 8333 5095 8857 5087 5315 7579 8919 6692 5507 3032
369 6128 1856 3237 9589 6847 9952 2133 8500 3875 8333 5095 8857 5087 5315 7579 8919 6692 5507 3032
370 6128 1856 3237 9589 6847 9952 2133 8500 3875 8333 5095 8857 5087 5315 7579 8919 6692 5507 3032
371 6128 1856 3237 9589 6847 9952 2133 8500 3875 8333 5095 8857 5087 5315 7579 8919 6692 5507 3032
372 6128 1856 3237 9589 6847 9952 2133 8500 3875 8333 5095 8857 5087 5315 7579 8919 6692 5507 3032
373 6128 1856 3237 9589 6847 9952 2133 8500 3875 8333 5095 8857 5087 5315 7579 8919 6692 5507 3032
374 6128 1856 3237 9589 6847 9952 2133 8500 3875 8333 5095 8857 5087 5315 7579 8919 6692 5507 3032
375 6128 1856 3237 9589 6847 9952 2133 8500 3875 8333 5095 8857 5087 5315 7579 8919 6692 5507 3032
376 6128 1856 3237 9589 6847 9952 2133 8500 3875 8333 5095 8857 5087 5315 7579 8919 6692 5507 3032
377 6128 1856 3237 9589 6847 9952 2133 8500 3875 8333 5095 8857 5087 5315 7579 8919 6692 5507 3032
378 6128 1856 3237 9589 6847 9952 2133 8500 3875 8333 5095 8857 5087 5315 7579 8919 6692 5507 3032
379 6128 1856 3237 9589 6847 9952 2133 8500 3875 8333 5095 8857 5087 5315 7579 8919 6692 5507 3032
380 6128 1856 3237 9589 6847 9952 2133 8500 3875 8333 5095 8857 5087 5315 7579 8919 6692 5507 3032
381 6128 1856 3237 9589 6847 9952 2133 8500 3875 8333 5095 8857 5087 5315 7579 8919 6692 5507 3032
382 6128 1856 3237 9589 6847 9952 2133 8500 3875 8333 5095 8857 5087 5315 7579 8919 6692 5507 3032
383 6128 1856 3237 9589 6847 9952 2133 8500 3875 8333 5095 8857 5087 5315 7579 8919 6692 5507 3032
384 6128 1856 3237 9589 6847 9952 2133 8500 3875 8333 5095 8857 5087 5315 7579 8919 6692 5507 3032
385 6128 1856 3237 9589 6847 9952 2133 8500 3875 8333 5095 8857 5087 5315 7579 8919 6692 5507 3032
386 6128 1856 3237 9589 6847 9952 2133 8500 3875 8333 5095 8857 5087 5315 7579 8919 6692 5507 3032
387 6128 1856 3237 9589 6847 9952 2133 8500 3875 8333 5095 8857 5087 5315 7579 8919 6692 5507 3032
388 6128 1856 3237 9589 6847 9952 2133 8500 3875 8333 5095 8857 5087 5315 7579 8919 6692 5507 3032
389 6128 1856 3237 9589 6847 9952 2133 8500 3875 8333 5095 8857 5087 5315 7579 8919 6692 5507 3032
390 6128 1856 3237 9589 6847 9952 2133 8500 3875 8333 5095 8857 5087 5315 7579 8919 6692 5507 3032
391 6128 1856 3237 9589 6847 9952 2133 8500 3875 8333 5095 8857 5087 5315 7579 8919 6692 5507 3032
392 6128 1856 3237 9589 6847 9952 2133 8500 3875 8333 5095 8857 5087 5315 7579 8919 6692 5507 3032
393 6128 1856 3237 9589 6847 9952 2133 8500 3875 8333 5095 8857 5087 5315 7579 8919 6692 5507 3032
394 6128 1856 3237 9589 6847 9952 2133 8500 3875 8333 5095 8857 5087 5315 7579 8919 6692 5507 3032
395 6128 1856 3237 9589 6847 9952 2133 8500 3875 8333 5095 8857 5087 5315 7579 8919 6692 5507 3032
396 6128 1856 3237 9589 6847 9952 2133 8500 3875 8333 5095 8857 5087 5315 7579 8919 6692 5507 3032
397 6128 1856 3237 9589 6847 9952 2133 8500 3875 8333 5095 8857 5087 5315 7579 8919 6692 5507 3032
398 6128 1856 3237 9589 6847 9952 2133 8500 3875 8333 5095 8857 5087 5315 7579 8919 6692 5507 3032
399 6128 1856 3237 9589 6847 9952 2133 8500 3875 8333 5095 8857 5087 5315 7579 8919 6692 5507 3032
400 6128 1856 3237 9589 6847 9952 2133 8500 3875 8333 5095 8857 5087 5315 7579 8919 6692 5507 3032
401 6128 1856 3237 9589 6847 9952 2133 8500 3875 8333 5095 8857 5087 5315 7579 8919 6692 5507 3032
402 6128 1856 3237 9589 6847 9952 2133 8500 3875 8333 5095 8857 5087 5315 7579 8919 6692 5507 3032
403 6128 1856 3237 9589 6847 9952 2133 8500 3875 8333 5095 8857 5087 5315 7579 8919 6692 5507 3032
404 6128 1856 3237 9589 6847 9952 2133 8500 3875 8333 5095 8857 5087 5315 7579 8919 6692 5507 3032
405 6128 1856 3237 9589 6847 9952 2133 8500 3875 8333 5095 8857 5087 5315 7579 8919 6692 5507 3032
406 6128 1856 3237 9589 6847 9952 2133 8500 3875 8333 5095 8857 5087 5315 7579 8919 6692 5507 3032
407 6128 1856 3237 9589 6847 9952 2133 8500 3875 8333 5095 8857 5087 5315 7579 8919 6692 5507 3032
408 6128 1856 3237 9589 6847 9952 2133 8500 3875 8333 5095 8857 5087 5315 7579 8919 6692 5507 3032
409 6128 1856 3237 9589 6847 9952 2133 8500 3875 8333 5095 8857 5087 5315 7579 8919 6692 5507 3032
410 6128 1856 3237 9589 6847 9952 2133 8500 3875 8333 5095 8857 5087 5315 7579 8919 6692 5507 3032
411 6128 1856 3237 9589 6847 9952 2133 8500 3875 8333 5095 8857 5087 5315 7579 8919 6692 5507 3032
412 6128 1856 3237 9589 6847 9952 2133 8500 3875 8333 5095 8857 5087 5315 7579 8919 6692 5507 3032
413 6128 1856 3237 9589 6847 9952 2133 8500 3875 8333 5095 8857 5087 5315 7579 8919 6692 5507 3032
414 6128 1856 3237 9589 6847 9952 2133 8500 3875 8333 5095 8857 5087 5315 7579 8919 6692 5507 3032
415 6128 1856 3237 9589 6847 9952 2133 8500 3875 8333 5095 8857 5087 5315 7579 8919 6692 5507 3032
416 6128 1856 3237 9589 6847 9952 2133 8500 3875 8333 5095 8857 5087 5315 7579 8919 6692 5507 3032
417 6128 1856 3237 9589 6847 9952 2133 8500 3875 8333 5095 8857 5087 5315 7579 8919 6692 5507 3032
418 6128 1856 3237 9589 6847 9952 2133 8500 3875 8333 5095 8857 5087 5315 7579 8919 6692 5507 3032
419 6128 1856 3237 9589 6847 9952 2133 8500 3875 8333 5095 8857 5087 5315 7579 8919 6692 5507 3032
420 6128 1856 3237 9589 6847 9952 2133 8500 3875 8333 5095 8857 5087 5315 7579 8919 6692 5507 3032
421 6128 1856 3237 9589 6847 9952 2133 8500 3875 8333 5095 8857 5087 5315 7579 8919 6692 5507 3032
422 6128 1856 3237 9589 6847 9952 2133 8500 3875 8333 5095 8857 5087 5315 7579 8919 6692 5507 3032
423 6128 1856 3237 9589 6847 9952 2133 8500 3875 8333 5095 8857 5087 5315 7579 8919 6692 5507 3032
424 6128 1856 3237 9589 6847 9952 2133 8500 3875 8333 5095 8857 5087 5315 7579 8919 6692 5507 3032
425 6128 1856 3237 9589 6847 9952 2133 8500 3875 8333 5095 8857 5087 5315 7579 8919 6692 5507 3032
426 6128 1856 3237 9589 6847 9952 2133 8500 3875 8333 5095 8857 5087 5315 7579 8919 6692 5507 3032
427 6128 1856 3237 9589 6847 9952 2133 8500 3875 8333 5095 8857 5087 5315 7579 8919 6692 5507 3032
428 6128 1856 3237 9589 6847 9952 2133 8500 3875 8333 5095 8857 5087 5315 7579 8919 6692 5507 3032
429 6128 1856 3237 9589 6847 9952 2133 8500 3875 8333 5095 8857 5087 5315 7579 8919 6692 5507 3032
430 6128 1856 3237 9589 6847 9952 2133 8500 3875 8333 5095 8857 5087 5315 7579 8919 6692 5507 3032
431 6128 1856 3237 9589 6847 9952 2133 8500 3875 8333 5095 8857 5087 5315 7579 8919 6692 5507 3032
432 6128 1856 3237 9589 6847 9952 2133 8500 3875 8333 5095 8857 5087 5315 7579 8919 6692 5507 3032
433 6128 1856 3237 9589 6847 9952 2133 8500 3875 8333 5095 8857 5087 5315 7579 8919 6692 5507 3032
434 6128 1856 3237 9589 6847 9952 2133 8500 3875 8333 5095 8857 5087 5315 7579 8919 6692 5507 3032
435 6128 1856 3237 9589 6847 9952 2133 8500 3875 8333 5095 8857 5087 5315 7579 8919 6692 5507 3032
436 6128 1856 3237 9589 6847 9952 2133 8500 3875 8333 5095 8857 5087 5315 7579 8919 6692 5507 3032
437 6128 1856 3237 9589 6847 9952 2133 8500 3875 8333 5095 8857 5087 5315 7579 8919 6692 5507 3032
438 6128 1856 3237 9589 6847 9952 2133 8500 3875 8333 5095 8857 5087 5315 7579 8919 6692 5507 3032
439 6128 1856 3237 9589 6847 9952 2133 8500 3875 8333 5095 8857 5087 5315 7579 8919 6692 5507 3032
440 6128 1856 3237 9589 6847 9952 2133 8500 3875 8333 5095 8857 5087 5315 7579 8919 6692 5507 3032
441 6128 1856 3237 9589 6847 9952 2133 8500 3875 8333 5095 8857 5087 5315 7579 8919 6692 5507 3032
442 6128 1856 3237 9589 6847 9952 2133 8500 3875 8333 5095 8857 5087 5315 7579 8919 6692 5507 3032
443 6128 1856 3237 9589 6847 9952 2133 8500 3875 8333 5095 8857 5087 5315 7579 8919 6692 5507 3032
444 6128 1856 3237 9589 6847 9952 2133 8500 3875 8333 5095 8857 5087 5315 7579 8919 6692 5507 3032
445 6128 1856 3237 9589 6847 9952 2133 8500 3875 8333 5095 8857 5087 5315 7579 8919 6692 5507 3032
446 6128 1856 3237 9589 6847 9952 2133 8500 3875 8333 5095 8857 5087 5315 7579 8919 6692 5507 3032
447 6128 1856 3237 9589 6847 9952 2133 8500 3875 8333 5095 8857 5087 5315 7579 8919 6692 5507 3032
448 6128 1856 3237 9589 6847 9952 2133 8500 3875 8333 5095 8857 5087 5315 7579 8919 6692 5507 3032
449 6128 1856 3237 9589 6847 9952 2133 8500 3875 8333 5095 8857 5087 5315 7579 8919 6692 5507 3032
450 6128 1856 3237 9589 6847 9952 2133 8500 3875 8333 5095 8857 5087 5315 7579 8919 6692 5507 3032
451 6128 1856 3237 9589 6847 9952 2133 8500 3875 8333 5095 8857 5087 5315 7579 8919 6692 5507 3032
452 6128 1856 3237 9589 6847 9952 2133 8500 3875 8333 5095 8857 5087 5315 7579 8919 6692 5507 3032
453 6128 1856 3237 9589 6847 9952 2133 8500 3875 8333 5095 8857 5087 5315 7579 8919 6692 5507 3032
454 6128 1856 3237 9589 6847 9952 2133 8500 3875 8333 5095 8857 5087 5315 7579 8919 6692 5507 3032
455 6128 1856 3237 9589 6847 9952 2133 8500 3875 8333 5095 8857 5087 5315 7579 8919 6692 5507 3032
456 6128 1856 3237 9589 6847 9952 2133 8500 3875 8333 5095 8857 5087 5315 7579 8919 6692 5507 3032
457 6128 1856 3237 9589 6847 9952 2133 8500 3875 8333 5095 8857 5087 5315 7579 8919 6692 5507 3032
458 6128 1856 3237 9589 6847 9952 2133 8500 3875 8333 5095 8857 5087 5315 7579 8919 6692 5507 3032
459 6128 1856 3237 9589 6847 9952 2133 8500 3875 8333 5095 8857 5087 5315 7579 8919 6692 5507 3032
460 6128 1856 3237 9589 6847 9952 2133 8500 3875 8333 5095 8857 5087 5315 7579 8919 6692 5507 3032
461 6128 1856 3237 9589 6847 9952 2133 8500 3875 8333 5095 8857 5087 5315 7579 8919 6692 5507 3032
462 6128 1856 3237 9589 6847 9952 2133 8500 3875 8333 5095 8857 5087 5315 7579 8919 6692 5507 3032
463 6128 1856 3237 9589 6847 9952 2133 8500 3875 8333 5095 8857 5087 5315 7579 8919 6692 5507 3032
464 6128 1856 3237 9589 6847 9952 2133 8500 3875 8333 5095 8857 5087 5315 7579 8919 6692 5507 3032
465 6128 1856 3237 9589 6847 9952 2133 8500 3875 8333 5095 8857 5087 5315 7579 8919 6692 5507 3032
466 6128 1856 3237 9589 6847 9952 2133 8500 3875 8333 5095 8857 5087 5315 7579 8919 6692 5507 3032
467 6128 1856 3237 9589 6847 9952 2133 8500 3875 8333 5095 8857 5087 5315 7579 8919 6692 5507 3032
468 6128 1856 3237 9589 6847 9952 2133 8500 3875 8333 5095 8857 5087 5315 7579 8919 6692 5507 3032
469 6128 1856 3237 9589 6847 9952 2133 8500 3875 8333 5095 8857 5087 5315 7579 8919 6692 5507 3032
470 6128 1856 3237 9589 6847 9952 2133 8500 3875 8333 5095 8857 5087 5315 7579 8919 6692 5507 3032
471 6128 1856 3237 9589 6847 9952 2133 8500 3875 8333 5095 8857 5087 5315 7579 8919 6692 5507 3032
472 6128 1856 3237 9589 6847 9952 2133 8500 3875 8333 5095 8857 5087 5315 7579 8919 6692 5507 3032
473 6128 1856 3237 9589 6847 9952 2133 8500 3875 8333 5095 8857 5087 5315 7579 8919 6692 5507 3032
474 6128 1856 3237 9589 6847 9952 2133 8500 3875 8333 5095 8857 5087 5315 7579 8919 6692 5507 3032
475 6128 1856 3237 9589 6847 9952 2133 8500 3875 8333 5095 8857 5087 5315 7579 8919 6692 5507 3032
476 6128 1856 3237 9589 6847 9952 2133 8500 3875 8333 5095 8857 5087 5315 7579 8919 6692 5507 3032
477 6128 1856 3237 9589 6847 9952 2133 8500 3875 8333 5095 8857 5087 5315 7579 8919 6692 5507 3032
478 6128 1856 3237 9589 6847 9952 2133 8500 3875 8333 5095 8857 5087 5315 7579 8919 6692 5507 3032
479 6128 1856 3237 9589 6847 9952 2133 8500 3875 8333 5095 8857 5087 5315 7579 8919 6692 5507 3032
480 6128 1856 3237 9589 6847 9952 2133 8500 3875 8333 5095 8857 5087 5315 7579 8919 6692 5507 3032
481 6128 1856 3237 9589 6847 9952 2133 8500 3875 8333 5095 8857 5087 5315 7579 8919 6692 5507 3032
482 6128 1856 3237 9589 6847 9952 2133 8500 3875 8333 5095 8857 5087 5315 7579 8919 6692 5507 3032
483 6128 1856 3237 9589 6847 9952 2133 8500 3875 8333 5095 8857 5087 5315 7579 8919 6692 5507 3032
484 6128 1856 3237 9589 6847 9952 2133 8500 3875 8333 5095 8857 5087 5315 7579 8919 6692 5507 3032
485 6128 1856 3237 9589 6847 9952 2133 8500 3875 8333 5095 8857 5087 5315 7579 8919 6692 5507 3032
486 6128 1856 3237 9589 6847 9952 2133 8500 3875 8333 5095 8857 5087 5315 7579 8919 6692 5507 3032
487 6128 1856 3237 9589 6847 9952 2133 8500 3875 8333 5095 8857 5087 5315 7579 8919 6692 5507 3032
488 6128 1856 3237 9589 6847 9952 2133 8500 3875 8333 5095 8857 5087 5315 7579 8919 6692 5507 3032
489 6128 1856 3237 9589 6847 9952 2133 8500 3875 8333 5095 8857 5087 5315 7579 8919 6692 5507 3032
490 6128 1856 3237 9589 6847 9952 2133 8500 3875 8333 5095 8857 5087 5315 7579 8919 6692 5507 3032
491 6128 1856 3237 9589 6847 9952 2133 8500 3875 8333 5095 8857 5087 5315 7579 8919 6692 5507 3032
492 6128 1856 3237 9589 6847 9952 2133 8500 3875 8333 5095 8857 5087 5315 7579 8919 6692 5507 3032
493 6128 1856 3237 9589 6847 9952 2133 8500 3875 8333 5095 8857 5087 5315 7579 8919 6692 5507 3032
494 6128 1856 3237 9589 6847 9952 2133 8500 3875 8333 5095 8857 5087 5315 7579 8919 6692 5507 3032
495 6128 1856 3237 9589 6847 9952 2133 8500 3875 8333 5095 8857 5087 5315 7579 8919 6692 5507 3032
496 6128 1856 3237 9589 6847 9952 2133 8500 3875 8333 5095 8857 5087 5315 7579 8919 6692 5507 3032
497 6128 1856 3237 9589 6847 9952 2133 8500 3875 8333 5095 8857 5087 5315 7579 8919 6692 5507 3032
498 6128 1856 3237 9589 6847 9952 2133 8500 3875 8333 5095 8857 5087 5315 7579 8919 6692 5507 3032
499 6128 1856 3237 9589 6847 9952 2133 8500 3875 8333 5095 8857 5087 5315 7579 8919 6692 5507 3032
