100
0 7672 6600 1973 2257 2162 2530 9603 1691 8678 3860 4317 3467 4381 7316 1797 1055 1230 7522 8998 6431 5470 6540 9898 5602 5147 2606 8120 5745 8246 7183 3633 2128 4222 4459 8275 5847 8171 6942 8974 9835 3103 1824 1290 9047 9522 441 7651 9280 4958 2614 9201 2098 9635 9214 8797 2398 5935 7926 9672 6596 5975 6560 4956 9828 3717 3411 109 2923 8696 39 5360 7556 4568 376 2339 1368 6212 466 6918 4440 3861 3523 1897 7296 4575 5008 2054 5238 6303 1113 4170 901 6753
1 7672 6600 1973 2257 2162 2530 9603 1691 8678 3860 4317 3467 4381 7316 1797 1055 1230 7522 8998 6431 5470 6540 9898 5602 5147 2606 8120 5745 8246 7183 3633 2128 4222 4459 8275 5847 8171 6942 8974 9835 3103 1824 1290 9047 9522 441 7651 9280 4958 2614 9201 2098 9635 9214 8797 2398 5935 7926 9672 6596 5975 6560 4956 9828 3717 3411 109 2923 8696 39 5360 7556 4568 376 2339 1368 6212 466 6918 4440 3861 3523 1897 7296 4575 5008 2054 5238 6303 1113 4170 901 6753
2 7672 6600 1973 2257 2162 2530 9603 1691 8678 3860 4317 3467 4381 7316 1797 1055 1230 7522 8998 6431 5470 6540 9898 5602 5147 2606 8120 5745 8246 7183 3633 2128 4222 4459 8275 5847 8171 6942 8974 9835 3103 1824 1290 9047 9522 441 7651 9280 4958 2614 9201 2098 9635 9214 8797 2398 5935 7926 9672 6596 5975 6560 4956 9828 3717 3411 109 2923 8696 39 5360 7556 4568 376 2339 1368 6212 466 6918 4440 3861 3523 1897 7296 4575 5008 2054 5238 6303 1113 4170 901 6753
3 7672 6600 1973 2257 2162 2530 9603 1691 8678 3860 4317 3467 4381 7316 1797 1055 1230 7522 8998 6431 5470 6540 9898 5602 5147 2606 8120 5745 8246 7183 3633 2128 4222 4459 8275 5847 8171 6942 8974 9835 3103 1824 1290 9047 9522 441 7651 9280 4958 2614 9201 2098 9635 9214 8797 2398 5935 7926 9672 6596 5975 6560 4956 9828 3717 3411 109 2923 8696 39 5360 7556 4568 376 2339 1368 6212 466 6918 4440 3861 3523 1897 7296 4575 5008 2054 5238 6303 1113 4170 901 6753
4 7672 6600 1973 2257 2162 2530 9603 1691 8678 3860 4317 3467 4381 7316 1797 1055 1230 7522 8998 6431 5470 6540 9898 5602 5147 2606 8120 5745 8246 7183 3633 2128 4222 4459 8275 5847 8171 6942 8974 9835 3103 1824 1290 9047 9522 441 7651 9280 4958 2614 9201 2098 9635 9214 8797 2398 5935 7926 9672 6596 5975 6560 4956 9828 3717 3411 109 2923 8696 39 5360 7556 4568 376 2339 1368 6212 466 6918 4440 3861 3523 1897 7296 4575 5008 2054 5238 6303 1113 4170 901 6753
5 7672 6600 1973 2257 2162 2530 9603 1691 8678 3860 4317 3467 4381 7316 1797 1055 1230 7522 8998 6431 5470 6540 9898 5602 5147 2606 8120 5745 8246 7183 3633 2128 4222 4459 8275 5847 8171 6942 8974 9835 3103 1824 1290 9047 9522 441 7651 9280 4958 2614 9201 2098 9635 9214 8797 2398 5935 7926 9672 6596 5975 6560 4956 9828 3717 3411 109 2923 8696 39 5360 7556 4568 376 2339 1368 6212 466 6918 4440 3861 3523 1897 7296 4575 5008 2054 5238 6303 1113 4170 901 6753
6 7672 6600 1973 2257 2162 2530 9603 1691 8678 3860 4317 3467 4381 7316 1797 1055 1230 7522 8998 6431 5470 6540 9898 5602 5147 2606 8120 5745 8246 7183 3633 2128 4222 4459 8275 5847 8171 6942 8974 9835 3103 1824 1290 9047 9522 441 7651 9280 4958 2614 9201 2098 9635 9214 8797 2398 5935 7926 9672 6596 5975 6560 4956 9828 3717 3411 109 2923 8696 39 5360 7556 4568 376 2339 1368 6212 466 6918 4440 3861 3523 1897 7296 4575 5008 2054 5238 6303 1113 4170 901 6753
7 7672 6600 1973 2257 2162 2530 9603 1691 8678 3860 4317 3467 4381 7316 1797 1055 1230 7522 8998 6431 5470 6540 9898 5602 5147 2606 8120 5745 8246 7183 3633 2128 4222 4459 8275 5847 8171 6942 8974 9835 3103 1824 1290 9047 9522 441 7651 9280 4958 2614 9201 2098 9635 9214 8797 2398 5935 7926 9672 6596 5975 6560 4956 9828 3717 3411 109 2923 8696 39 5360 7556 4568 376 2339 1368 6212 466 6918 4440 3861 3523 1897 7296 4575 5008 2054 5238 6303 1113 4170 901 6753
8 7672 6600 1973 2257 2162 2530 9603 1691 8678 3860 4317 3467 4381 7316 1797 1055 1230 7522 8998 6431 5470 6540 9898 5602 5147 2606 8120 5745 8246 7183 3633 2128 4222 4459 8275 5847 8171 6942 8974 9835 3103 1824 1290 9047 9522 441 7651 9280 4958 2614 9201 2098 9635 9214 8797 2398 5935 7926 9672 6596 5975 6560 4956 9828 3717 3411 109 2923 8696 39 5360 7556 4568 376 2339 1368 6212 466 6918 4440 3861 3523 1897 7296 4575 5008 2054 5238 6303 1113 4170 901 6753
9 7672 6600 1973 2257 2162 2530 9603 1691 8678 3860 4317 3467 4381 7316 1797 1055 1230 7522 8998 6431 5470 6540 9898 5602 5147 2606 8120 5745 8246 7183 3633 2128 4222 4459 8275 5847 8171 6942 8974 9835 3103 1824 1290 9047 9522 441 7651 9280 4958 2614 9201 2098 9635 9214 8797 2398 5935 7926 9672 6596 5975 6560 4956 9828 3717 3411 109 2923 8696 39 5360 7556 4568 376 2339 1368 6212 466 6918 4440 3861 3523 1897 7296 4575 5008 2054 5238 6303 1113 4170 901 6753
10 7672 6600 1973 2257 2162 2530 9603 1691 8678 3860 4317 3467 4381 7316 1797 1055 1230 7522 8998 6431 5470 6540 9898 5602 5147 2606 8120 5745 8246 7183 3633 2128 4222 4459 8275 5847 8171 6942 8974 9835 3103 1824 1290 9047 9522 441 7651 9280 4958 2614 9201 2098 9635 9214 8797 2398 5935 7926 9672 6596 5975 6560 4956 9828 3717 3411 109 2923 8696 39 5360 7556 4568 376 2339 1368 6212 466 6918 4440 3861 3523 1897 7296 4575 5008 2054 5238 6303 1113 4170 901 6753
11 7672 6600 1973 2257 2162 2530 9603 1691 8678 3860 4317 3467 4381 7316 1797 1055 1230 7522 8998 6431 5470 6540 9898 5602 5147 2606 8120 5745 8246 7183 3633 2128 4222 4459 8275 5847 8171 6942 8974 9835 3103 1824 1290 9047 9522 441 7651 9280 4958 2614 9201 2098 9635 9214 8797 2398 5935 7926 9672 6596 5975 6560 4956 9828 3717 3411 109 2923 8696 39 5360 7556 4568 376 2339 1368 6212 466 6918 4440 3861 3523 1897 7296 4575 5008 2054 5238 6303 1113 4170 901 6753
12 7672 6600 1973 2257 2162 2530 9603 1691 8678 3860 4317 3467 4381 7316 1797 1055 1230 7522 8998 6431 5470 6540 9898 5602 5147 2606 8120 5745 8246 7183 3633 2128 4222 4459 8275 5847 8171 6942 8974 9835 3103 1824 1290 9047 9522 441 7651 9280 4958 2614 9201 2098 9635 9214 8797 2398 5935 7926 9672 6596 5975 6560 4956 9828 3717 3411 109 2923 8696 39 5360 7556 4568 376 2339 1368 6212 466 6918 4440 3861 3523 1897 7296 4575 5008 2054 5238 6303 1113 4170 901 6753
13 7672 6600 1973 2257 2162 2530 9603 1691 8678 3860 4317 3467 4381 7316 1797 1055 1230 7522 8998 6431 5470 6540 9898 5602 5147 2606 8120 5745 8246 7183 3633 2128 4222 4459 8275 5847 8171 6942 8974 9835 3103 1824 1290 9047 9522 441 7651 9280 4958 2614 9201 2098 9635 9214 8797 2398 5935 7926 9672 6596 5975 6560 4956 9828 3717 3411 109 2923 8696 39 5360 7556 4568 376 2339 1368 6212 466 6918 4440 3861 3523 1897 7296 4575 5008 2054 5238 6303 1113 4170 901 6753
14 7672 6600 1973 2257 2162 2530 9603 1691 8678 3860 4317 3467 4381 7316 1797 1055 1230 7522 8998 6431 5470 6540 9898 5602 5147 2606 8120 5745 8246 7183 3633 2128 4222 4459 8275 5847 8171 6942 8974 9835 3103 1824 1290 9047 9522 441 7651 9280 4958 2614 9201 2098 9635 9214 8797 2398 5935 7926 9672 6596 5975 6560 4956 9828 3717 3411 109 2923 8696 39 5360 7556 4568 376 2339 1368 6212 466 6918 4440 3861 3523 1897 7296 4575 5008 2054 5238 6303 1113 4170 901 6753
15 7672 6600 1973 2257 2162 2530 9603 1691 8678 3860 4317 3467 4381 7316 1797 1055 1230 7522 8998 6431 5470 6540 9898 5602 5147 2606 8120 5745 8246 7183 3633 2128 4222 4459 8275 5847 8171 6942 8974 9835 3103 1824 1290 9047 9522 441 7651 9280 4958 2614 9201 2098 9635 9214 8797 2398 5935 7926 9672 6596 5975 6560 4956 9828 3717 3411 109 2923 8696 39 5360 7556 4568 376 2339 1368 6212 466 6918 4440 3861 3523 1897 7296 4575 5008 2054 5238 6303 1113 4170 901 6753
16 7672 6600 1973 2257 2162 2530 9603 1691 8678 3860 4317 3467 4381 7316 1797 1055 1230 7522 8998 6431 5470 6540 9898 5602 5147 2606 8120 5745 8246 7183 3633 2128 4222 4459 8275 5847 8171 6942 8974 9835 3103 1824 1290 9047 9522 441 7651 9280 4958 2614 9201 2098 9635 9214 8797 2398 5935 7926 9672 6596 5975 6560 4956 9828 3717 3411 109 2923 8696 39 5360 7556 4568 376 2339 1368 6212 466 6918 4440 3861 3523 1897 7296 4575 5008 2054 5238 6303 1113 4170 901 6753
17 7672 6600 1973 2257 2162 2530 9603 1691 8678 3860 4317 3467 4381 7316 1797 1055 1230 7522 8998 6431 5470 6540 9898 5602 5147 2606 8120 5745 8246 7183 3633 2128 4222 4459 8275 5847 8171 6942 8974 9835 3103 1824 1290 9047 9522 441 7651 9280 4958 2614 9201 2098 9635 9214 8797 2398 5935 7926 9672 6596 5975 6560 4956 9828 3717 3411 109 2923 8696 39 5360 7556 4568 376 2339 1368 6212 466 6918 4440 3861 3523 1897 7296 4575 5008 2054 5238 6303 1113 4170 901 6753
18 7672 6600 1973 2257 2162 2530 9603 1691 8678 3860 4317 3467 4381 7316 1797 1055 1230 7522 8998 6431 5470 6540 9898 5602 5147 2606 8120 5745 8246 7183 3633 2128 4222 4459 8275 5847 8171 6942 8974 9835 3103 1824 1290 9047 9522 441 7651 9280 4958 2614 9201 2098 9635 9214 8797 2398 5935 7926 9672 6596 5975 6560 4956 9828 3717 3411 109 2923 8696 39 5360 7556 4568 376 2339 1368 6212 466 6918 4440 3861 3523 1897 7296 4575 5008 2054 5238 6303 1113 4170 901 6753
19 7672 6600 1973 2257 2162 2530 9603 1691 8678 3860 4317 3467 4381 7316 1797 1055 1230 7522 8998 6431 5470 6540 9898 5602 5147 2606 8120 5745 8246 7183 3633 2128 4222 4459 8275 5847 8171 6942 8974 9835 3103 1824 1290 9047 9522 441 7651 9280 4958 2614 9201 2098 9635 9214 8797 2398 5935 7926 9672 6596 5975 6560 4956 9828 3717 3411 109 2923 8696 39 5360 7556 4568 376 2339 1368 6212 466 6918 4440 3861 3523 1897 7296 4575 5008 2054 5238 6303 1113 4170 901 6753
20 7672 6600 1973 2257 2162 2530 9603 1691 8678 3860 4317 3467 4381 7316 1797 1055 1230 7522 8998 6431 5470 6540 9898 5602 5147 2606 8120 5745 8246 7183 3633 2128 4222 4459 8275 5847 8171 6942 8974 9835 3103 1824 1290 9047 9522 441 7651 9280 4958 2614 9201 2098 9635 9214 8797 2398 5935 7926 9672 6596 5975 6560 4956 9828 3717 3411 109 2923 8696 39 5360 7556 4568 376 2339 1368 6212 466 6918 4440 3861 3523 1897 7296 4575 5008 2054 5238 6303 1113 4170 901 6753
21 7672 6600 1973 2257 2162 2530 9603 1691 8678 3860 4317 3467 4381 7316 1797 1055 1230 7522 8998 6431 5470 6540 9898 5602 5147 2606 8120 5745 8246 7183 3633 2128 4222 4459 8275 5847 8171 6942 8974 9835 3103 1824 1290 9047 9522 441 7651 9280 4958 2614 9201 2098 9635 9214 8797 2398 5935 7926 9672 6596 5975 6560 4956 9828 3717 3411 109 2923 8696 39 5360 7556 4568 376 2339 1368 6212 466 6918 4440 3861 3523 1897 7296 4575 5008 2054 5238 6303 1113 4170 901 6753
22 7672 6600 1973 2257 2162 2530 9603 1691 8678 3860 4317 3467 4381 7316 1797 1055 1230 7522 8998 6431 5470 6540 9898 5602 5147 2606 8120 5745 8246 7183 3633 2128 4222 4459 8275 5847 8171 6942 8974 9835 3103 1824 1290 9047 9522 441 7651 9280 4958 2614 9201 2098 9635 9214 8797 2398 5935 7926 9672 6596 5975 6560 4956 9828 3717 3411 109 2923 8696 39 5360 7556 4568 376 2339 1368 6212 466 6918 4440 3861 3523 1897 7296 4575 5008 2054 5238 6303 1113 4170 901 6753
23 7672 6600 1973 2257 2162 2530 9603 1691 8678 3860 4317 3467 4381 7316 1797 1055 1230 7522 8998 6431 5470 6540 9898 5602 5147 2606 8120 5745 8246 7183 3633 2128 4222 4459 8275 5847 8171 6942 8974 9835 3103 1824 1290 9047 9522 441 7651 9280 4958 2614 9201 2098 9635 9214 8797 2398 5935 7926 9672 6596 5975 6560 4956 9828 3717 3411 109 2923 8696 39 5360 7556 4568 376 2339 1368 6212 466 6918 4440 3861 3523 1897 7296 4575 5008 2054 5238 6303 1113 4170 901 6753
24 7672 6600 1973 2257 2162 2530 9603 1691 8678 3860 4317 3467 4381 7316 1797 1055 1230 7522 8998 6431 5470 6540 9898 5602 5147 2606 8120 5745 8246 7183 3633 2128 4222 4459 8275 5847 8171 6942 8974 9835 3103 1824 1290 9047 9522 441 7651 9280 4958 2614 9201 2098 9635 9214 8797 2398 5935 7926 9672 6596 5975 6560 4956 9828 3717 3411 109 2923 8696 39 5360 7556 4568 376 2339 1368 6212 466 6918 4440 3861 3523 1897 7296 4575 5008 2054 5238 6303 1113 4170 901 6753
25 7672 6600 1973 2257 2162 2530 9603 1691 8678 3860 4317 3467 4381 7316 1797 1055 1230 7522 8998 6431 5470 6540 9898 5602 5147 2606 8120 5745 8246 7183 3633 2128 4222 4459 8275 5847 8171 6942 8974 9835 3103 1824 1290 9047 9522 441 7651 9280 4958 2614 9201 2098 9635 9214 8797 2398 5935 7926 9672 6596 5975 6560 4956 9828 3717 3411 109 2923 8696 39 5360 7556 4568 376 2339 1368 6212 466 6918 4440 3861 3523 1897 7296 4575 5008 2054 5238 6303 1113 4170 901 6753
26 7672 6600 1973 2257 2162 2530 9603 1691 8678 3860 4317 3467 4381 7316 1797 1055 1230 7522 8998 6431 5470 6540 9898 5602 5147 2606 8120 5745 8246 7183 3633 2128 4222 4459 8275 5847 8171 6942 8974 9835 3103 1824 1290 9047 9522 441 7651 9280 4958 2614 9201 2098 9635 9214 8797 2398 5935 7926 9672 6596 5975 6560 4956 9828 3717 3411 109 2923 8696 39 5360 7556 4568 376 2339 1368 6212 466 6918 4440 3861 3523 1897 7296 4575 5008 2054 5238 6303 1113 4170 901 6753
27 7672 6600 1973 2257 2162 2530 9603 1691 8678 3860 4317 3467 4381 7316 1797 1055 1230 7522 8998 6431 5470 6540 9898 5602 5147 2606 8120 5745 8246 7183 3633 2128 4222 4459 8275 5847 8171 6942 8974 9835 3103 1824 1290 9047 9522 441 7651 9280 4958 2614 9201 2098 9635 9214 8797 2398 5935 7926 9672 6596 5975 6560 4956 9828 3717 3411 109 2923 8696 39 5360 7556 4568 376 2339 1368 6212 466 6918 4440 3861 3523 1897 7296 4575 5008 2054 5238 6303 1113 4170 901 6753
28 7672 6600 1973 2257 2162 2530 9603 1691 8678 3860 4317 3467 4381 7316 1797 1055 1230 7522 8998 6431 5470 6540 9898 5602 5147 2606 8120 5745 8246 7183 3633 2128 4222 4459 8275 5847 8171 6942 8974 9835 3103 1824 1290 9047 9522 441 7651 9280 4958 2614 9201 2098 9635 9214 8797 2398 5935 7926 9672 6596 5975 6560 4956 9828 3717 3411 109 2923 8696 39 5360 7556 4568 376 2339 1368 6212 466 6918 4440 3861 3523 1897 7296 4575 5008 2054 5238 6303 1113 4170 901 6753
29 7672 6600 1973 2257 2162 2530 9603 1691 8678 3860 4317 3467 4381 7316 1797 1055 1230 7522 8998 6431 5470 6540 9898 5602 5147 2606 8120 5745 8246 7183 3633 2128 4222 4459 8275 5847 8171 6942 8974 9835 3103 1824 1290 9047 9522 441 7651 9280 4958 2614 9201 2098 9635 9214 8797 2398 5935 7926 9672 6596 5975 6560 4956 9828 3717 3411 109 2923 8696 39 5360 7556 4568 376 2339 1368 6212 466 6918 4440 3861 3523 1897 7296 4575 5008 2054 5238 6303 1113 4170 901 6753
30 7672 6600 1973 2257 2162 2530 9603 1691 8678 3860 4317 3467 4381 7316 1797 1055 1230 7522 8998 6431 5470 6540 9898 5602 5147 2606 8120 5745 8246 7183 3633 2128 4222 4459 8275 5847 8171 6942 8974 9835 3103 1824 1290 9047 9522 441 7651 9280 4958 2614 9201 2098 9635 9214 8797 2398 5935 7926 9672 6596 5975 6560 4956 9828 3717 3411 109 2923 8696 39 5360 7556 4568 376 2339 1368 6212 466 6918 4440 3861 3523 1897 7296 4575 5008 2054 5238 6303 1113 4170 901 6753
31 7672 6600 1973 2257 2162 2530 9603 1691 8678 3860 4317 3467 4381 7316 1797 1055 1230 7522 8998 6431 5470 6540 9898 5602 5147 2606 8120 5745 8246 7183 3633 2128 4222 4459 8275 5847 8171 6942 8974 9835 3103 1824 1290 9047 9522 441 7651 9280 4958 2614 9201 2098 9635 9214 8797 2398 5935 7926 9672 6596 5975 6560 4956 9828 3717 3411 109 2923 8696 39 5360 7556 4568 376 2339 1368 6212 466 6918 4440 3861 3523 1897 7296 4575 5008 2054 5238 6303 1113 4170 901 6753
32 7672 6600 1973 2257 2162 2530 9603 1691 8678 3860 4317 3467 4381 7316 1797 1055 1230 7522 8998 6431 5470 6540 9898 5602 5147 2606 8120 5745 8246 7183 3633 2128 4222 4459 8275 5847 8171 6942 8974 9835 3103 1824 1290 9047 9522 441 7651 9280 4958 2614 9201 2098 9635 9214 8797 2398 5935 7926 9672 6596 5975 6560 4956 9828 3717 3411 109 2923 8696 39 5360 7556 4568 376 2339 1368 6212 466 6918 4440 3861 3523 1897 7296 4575 5008 2054 5238 6303 1113 4170 901 6753
33 7672 6600 1973 2257 2162 2530 9603 1691 8678 3860 4317 3467 4381 7316 1797 1055 1230 7522 8998 6431 5470 6540 9898 5602 5147 2606 8120 5745 8246 7183 3633 2128 4222 4459 8275 5847 8171 6942 8974 9835 3103 1824 1290 9047 9522 441 7651 9280 4958 2614 9201 2098 9635 9214 8797 2398 5935 7926 9672 6596 5975 6560 4956 9828 3717 3411 109 2923 8696 39 5360 7556 4568 376 2339 1368 6212 466 6918 4440 3861 3523 1897 7296 4575 5008 2054 5238 6303 1113 4170 901 6753
34 7672 6600 1973 2257 2162 2530 9603 1691 8678 3860 4317 3467 4381 7316 1797 1055 1230 7522 8998 6431 5470 6540 9898 5602 5147 2606 8120 5745 8246 7183 3633 2128 4222 4459 8275 5847 8171 6942 8974 9835 3103 1824 1290 9047 9522 441 7651 9280 4958 2614 9201 2098 9635 9214 8797 2398 5935 7926 9672 6596 5975 6560 4956 9828 3717 3411 109 2923 8696 39 5360 7556 4568 376 2339 1368 6212 466 6918 4440 3861 3523 1897 7296 4575 5008 2054 5238 6303 1113 4170 901 6753
35 7672 6600 1973 2257 2162 2530 9603 1691 8678 3860 4317 3467 4381 7316 1797 1055 1230 7522 8998 6431 5470 6540 9898 5602 5147 2606 8120 5745 8246 7183 3633 2128 4222 4459 8275 5847 8171 6942 8974 9835 3103 1824 1290 9047 9522 441 7651 9280 4958 2614 9201 2098 9635 9214 8797 2398 5935 7926 9672 6596 5975 6560 4956 9828 3717 3411 109 2923 8696 39 5360 7556 4568 376 2339 1368 6212 466 6918 4440 3861 3523 1897 7296 4575 5008 2054 5238 6303 1113 4170 901 6753
36 7672 6600 1973 2257 2162 2530 9603 1691 8678 3860 4317 3467 4381 7316 1797 1055 1230 7522 8998 6431 5470 6540 9898 5602 5147 2606 8120 5745 8246 7183 3633 2128 4222 4459 8275 5847 8171 6942 8974 9835 3103 1824 1290 9047 9522 441 7651 9280 4958 2614 9201 2098 9635 9214 8797 2398 5935 7926 9672 6596 5975 6560 4956 9828 3717 3411 109 2923 8696 39 5360 7556 4568 376 2339 1368 6212 466 6918 4440 3861 3523 1897 7296 4575 5008 2054 5238 6303 1113 4170 901 6753
37 7672 6600 1973 2257 2162 2530 9603 1691 8678 3860 4317 3467 4381 7316 1797 1055 1230 7522 8998 6431 5470 6540 9898 5602 5147 2606 8120 5745 8246 7183 3633 2128 4222 4459 8275 5847 8171 6942 8974 9835 3103 1824 1290 9047 9522 441 7651 9280 4958 2614 9201 2098 9635 9214 8797 2398 5935 7926 9672 6596 5975 6560 4956 9828 3717 3411 109 2923 8696 39 5360 7556 4568 376 2339 1368 6212 466 6918 4440 3861 3523 1897 7296 4575 5008 2054 5238 6303 1113 4170 901 6753
38 7672 6600 1973 2257 2162 2530 9603 1691 8678 3860 4317 3467 4381 7316 1797 1055 1230 7522 8998 6431 5470 6540 9898 5602 5147 2606 8120 5745 8246 7183 3633 2128 4222 4459 8275 5847 8171 6942 8974 9835 3103 1824 1290 9047 9522 441 7651 9280 4958 2614 9201 2098 9635 9214 8797 2398 5935 7926 9672 6596 5975 6560 4956 9828 3717 3411 109 2923 8696 39 5360 7556 4568 376 2339 1368 6212 466 6918 4440 3861 3523 1897 7296 4575 5008 2054 5238 6303 1113 4170 901 6753
39 7672 6600 1973 2257 2162 2530 9603 1691 8678 3860 4317 3467 4381 7316 1797 1055 1230 7522 8998 6431 5470 6540 9898 5602 5147 2606 8120 5745 8246 7183 3633 2128 4222 4459 8275 5847 8171 6942 8974 9835 3103 1824 1290 9047 9522 441 7651 9280 4958 2614 9201 2098 9635 9214 8797 2398 5935 7926 9672 6596 5975 6560 4956 9828 3717 3411 109 2923 8696 39 5360 7556 4568 376 2339 1368 6212 466 6918 4440 3861 3523 1897 7296 4575 5008 2054 5238 6303 1113 4170 901 6753
40 7672 6600 1973 2257 2162 2530 9603 1691 8678 3860 4317 3467 4381 7316 1797 1055 1230 7522 8998 6431 5470 6540 9898 5602 5147 2606 8120 5745 8246 7183 3633 2128 4222 4459 8275 5847 8171 6942 8974 9835 3103 1824 1290 9047 9522 441 7651 9280 4958 2614 9201 2098 9635 9214 8797 2398 5935 7926 9672 6596 5975 6560 4956 9828 3717 3411 109 2923 8696 39 5360 7556 4568 376 2339 1368 6212 466 6918 4440 3861 3523 1897 7296 4575 5008 2054 5238 6303 1113 4170 901 6753
41 7672 6600 1973 2257 2162 2530 9603 1691 8678 3860 4317 3467 4381 7316 1797 1055 1230 7522 8998 6431 5470 6540 9898 5602 5147 2606 8120 5745 8246 7183 3633 2128 4222 4459 8275 5847 8171 6942 8974 9835 3103 1824 1290 9047 9522 441 7651 9280 4958 2614 9201 2098 9635 9214 8797 2398 5935 7926 9672 6596 5975 6560 4956 9828 3717 3411 109 2923 8696 39 5360 7556 4568 376 2339 1368 6212 466 6918 4440 3861 3523 1897 7296 4575 5008 2054 5238 6303 1113 4170 901 6753
42 7672 6600 1973 2257 2162 2530 9603 1691 8678 3860 4317 3467 4381 7316 1797 1055 1230 7522 8998 6431 5470 6540 9898 5602 5147 2606 8120 5745 8246 7183 3633 2128 4222 4459 8275 5847 8171 6942 8974 9835 3103 1824 1290 9047 9522 441 7651 9280 4958 2614 9201 2098 9635 9214 8797 2398 5935 7926 9672 6596 5975 6560 4956 9828 3717 3411 109 2923 8696 39 5360 7556 4568 376 2339 1368 6212 466 6918 4440 3861 3523 1897 7296 4575 5008 2054 5238 6303 1113 4170 901 6753
43 7672 6600 1973 2257 2162 2530 9603 1691 8678 3860 4317 3467 4381 7316 1797 1055 1230 7522 8998 6431 5470 6540 9898 5602 5147 2606 8120 5745 8246 7183 3633 2128 4222 4459 8275 5847 8171 6942 8974 9835 3103 1824 1290 9047 9522 441 7651 9280 4958 2614 9201 2098 9635 9214 8797 2398 5935 7926 9672 6596 5975 6560 4956 9828 3717 3411 109 2923 8696 39 5360 7556 4568 376 2339 1368 6212 466 6918 4440 3861 3523 1897 7296 4575 5008 2054 5238 6303 1113 4170 901 6753
44 7672 6600 1973 2257 2162 2530 9603 1691 8678 3860 4317 3467 4381 7316 1797 1055 1230 7522 8998 6431 5470 6540 9898 5602 5147 2606 8120 5745 8246 7183 3633 2128 4222 4459 8275 5847 8171 6942 8974 9835 3103 1824 1290 9047 9522 441 7651 9280 4958 2614 9201 2098 9635 9214 8797 2398 5935 7926 9672 6596 5975 6560 4956 9828 3717 3411 109 2923 8696 39 5360 7556 4568 376 2339 1368 6212 466 6918 4440 3861 3523 1897 7296 4575 5008 2054 5238 6303 1113 4170 901 6753
45 7672 6600 1973 2257 2162 2530 9603 1691 8678 3860 4317 3467 4381 7316 1797 1055 1230 7522 8998 6431 5470 6540 9898 5602 5147 2606 8120 5745 8246 7183 3633 2128 4222 4459 8275 5847 8171 6942 8974 9835 3103 1824 1290 9047 9522 441 7651 9280 4958 2614 9201 2098 9635 9214 8797 2398 5935 7926 9672 6596 5975 6560 4956 9828 3717 3411 109 2923 8696 39 5360 7556 4568 376 2339 1368 6212 466 6918 4440 3861 3523 1897 7296 4575 5008 2054 5238 6303 1113 4170 901 6753
46 7672 6600 1973 2257 2162 2530 9603 1691 8678 3860 4317 3467 4381 7316 1797 1055 1230 7522 8998 6431 5470 6540 9898 5602 5147 2606 8120 5745 8246 7183 3633 2128 4222 4459 8275 5847 8171 6942 8974 9835 3103 1824 1290 9047 9522 441 7651 9280 4958 2614 9201 2098 9635 9214 8797 2398 5935 7926 9672 6596 5975 6560 4956 9828 3717 3411 109 2923 8696 39 5360 7556 4568 376 2339 1368 6212 466 6918 4440 3861 3523 1897 7296 4575 5008 2054 5238 6303 1113 4170 901 6753
47 7672 6600 1973 2257 2162 2530 9603 1691 8678 3860 4317 3467 4381 7316 1797 1055 1230 7522 8998 6431 5470 6540 9898 5602 5147 2606 8120 5745 8246 7183 3633 2128 4222 4459 8275 5847 8171 6942 8974 9835 3103 1824 1290 9047 9522 441 7651 9280 4958 2614 9201 2098 9635 9214 8797 2398 5935 7926 9672 6596 5975 6560 4956 9828 3717 3411 109 2923 8696 39 5360 7556 4568 376 2339 1368 6212 466 6918 4440 3861 3523 1897 7296 4575 5008 2054 5238 6303 1113 4170 901 6753
48 7672 6600 1973 2257 2162 2530 9603 1691 8678 3860 4317 3467 4381 7316 1797 1055 1230 7522 8998 6431 5470 6540 9898 5602 5147 2606 8120 5745 8246 7183 3633 2128 4222 4459 8275 5847 8171 6942 8974 9835 3103 1824 1290 9047 9522 441 7651 9280 4958 2614 9201 2098 9635 9214 8797 2398 5935 7926 9672 6596 5975 6560 4956 9828 3717 3411 109 2923 8696 39 5360 7556 4568 376 2339 1368 6212 466 6918 4440 3861 3523 1897 7296 4575 5008 2054 5238 6303 1113 4170 901 6753
49 7672 6600 1973 2257 2162 2530 9603 1691 8678 3860 4317 3467 4381 7316 1797 1055 1230 7522 8998 6431 5470 6540 9898 5602 5147 2606 8120 5745 8246 7183 3633 2128 4222 4459 8275 5847 8171 6942 8974 9835 3103 1824 1290 9047 9522 441 7651 9280 4958 2614 9201 2098 9635 9214 8797 2398 5935 7926 9672 6596 5975 6560 4956 9828 3717 3411 109 2923 8696 39 5360 7556 4568 376 2339 1368 6212 466 6918 4440 3861 3523 1897 7296 4575 5008 2054 5238 6303 1113 4170 901 6753
50 7672 6600 1973 2257 2162 2530 9603 1691 8678 3860 4317 3467 4381 7316 1797 1055 1230 7522 8998 6431 5470 6540 9898 5602 5147 2606 8120 5745 8246 7183 3633 2128 4222 4459 8275 5847 8171 6942 8974 9835 3103 1824 1290 9047 9522 441 7651 9280 4958 2614 9201 2098 9635 9214 8797 2398 5935 7926 9672 6596 5975 6560 4956 9828 3717 3411 109 2923 8696 39 5360 7556 4568 376 2339 1368 6212 466 6918 4440 3861 3523 1897 7296 4575 5008 2054 5238 6303 1113 4170 901 6753
51 7672 6600 1973 2257 2162 2530 9603 1691 8678 3860 4317 3467 4381 7316 1797 1055 1230 7522 8998 6431 5470 6540 9898 5602 5147 2606 8120 5745 8246 7183 3633 2128 4222 4459 8275 5847 8171 6942 8974 9835 3103 1824 1290 9047 9522 441 7651 9280 4958 2614 9201 2098 9635 9214 8797 2398 5935 7926 9672 6596 5975 6560 4956 9828 3717 3411 109 2923 8696 39 5360 7556 4568 376 2339 1368 6212 466 6918 4440 3861 3523 1897 7296 4575 5008 2054 5238 6303 1113 4170 901 6753
52 7672 6600 1973 2257 2162 2530 9603 1691 8678 3860 4317 3467 4381 7316 1797 1055 1230 7522 8998 6431 5470 6540 9898 5602 5147 2606 8120 5745 8246 7183 3633 2128 4222 4459 8275 5847 8171 6942 8974 9835 3103 1824 1290 9047 9522 441 7651 9280 4958 2614 9201 2098 9635 9214 8797 2398 5935 7926 9672 6596 5975 6560 4956 9828 3717 3411 109 2923 8696 39 5360 7556 4568 376 2339 1368 6212 466 6918 4440 3861 3523 1897 7296 4575 5008 2054 5238 6303 1113 4170 901 6753
53 7672 6600 1973 2257 2162 2530 9603 1691 8678 3860 4317 3467 4381 7316 1797 1055 1230 7522 8998 6431 5470 6540 9898 5602 5147 2606 8120 5745 8246 7183 3633 2128 4222 4459 8275 5847 8171 6942 8974 9835 3103 1824 1290 9047 9522 441 7651 9280 4958 2614 9201 2098 9635 9214 8797 2398 5935 7926 9672 6596 5975 6560 4956 9828 3717 3411 109 2923 8696 39 5360 7556 4568 376 2339 1368 6212 466 6918 4440 3861 3523 1897 7296 4575 5008 2054 5238 6303 1113 4170 901 6753
54 7672 6600 1973 2257 2162 2530 9603 1691 8678 3860 4317 3467 4381 7316 1797 1055 1230 7522 8998 6431 5470 6540 9898 5602 5147 2606 8120 5745 8246 7183 3633 2128 4222 4459 8275 5847 8171 6942 8974 9835 3103 1824 1290 9047 9522 441 7651 9280 4958 2614 9201 2098 9635 9214 8797 2398 5935 7926 9672 6596 5975 6560 4956 9828 3717 3411 109 2923 8696 39 5360 7556 4568 376 2339 1368 6212 466 6918 4440 3861 3523 1897 7296 4575 5008 2054 5238 6303 1113 4170 901 6753
55 7672 6600 1973 2257 2162 2530 9603 1691 8678 3860 4317 3467 4381 7316 1797 1055 1230 7522 8998 6431 5470 6540 9898 5602 5147 2606 8120 5745 8246 7183 3633 2128 4222 4459 8275 5847 8171 6942 8974 9835 3103 1824 1290 9047 9522 441 7651 9280 4958 2614 9201 2098 9635 9214 8797 2398 5935 7926 9672 6596 5975 6560 4956 9828 3717 3411 109 2923 8696 39 5360 7556 4568 376 2339 1368 6212 466 6918 4440 3861 3523 1897 7296 4575 5008 2054 5238 6303 1113 4170 901 6753
56 7672 6600 1973 2257 2162 2530 9603 1691 8678 3860 4317 3467 4381 7316 1797 1055 1230 7522 8998 6431 5470 6540 9898 5602 5147 2606 8120 5745 8246 7183 3633 2128 4222 4459 8275 5847 8171 6942 8974 9835 3103 1824 1290 9047 9522 441 7651 9280 4958 2614 9201 2098 9635 9214 8797 2398 5935 7926 9672 6596 5975 6560 4956 9828 3717 3411 109 2923 8696 39 5360 7556 4568 376 2339 1368 6212 466 6918 4440 3861 3523 1897 7296 4575 5008 2054 5238 6303 1113 4170 901 6753
57 7672 6600 1973 2257 2162 2530 9603 1691 8678 3860 4317 3467 4381 7316 1797 1055 1230 7522 8998 6431 5470 6540 9898 5602 5147 2606 8120 5745 8246 7183 3633 2128 4222 4459 8275 5847 8171 6942 8974 9835 3103 1824 1290 9047 9522 441 7651 9280 4958 2614 9201 2098 9635 9214 8797 2398 5935 7926 9672 6596 5975 6560 4956 9828 3717 3411 109 2923 8696 39 5360 7556 4568 376 2339 1368 6212 466 6918 4440 3861 3523 1897 7296 4575 5008 2054 5238 6303 1113 4170 901 6753
58 7672 6600 1973 2257 2162 2530 9603 1691 8678 3860 4317 3467 4381 7316 1797 1055 1230 7522 8998 6431 5470 6540 9898 5602 5147 2606 8120 5745 8246 7183 3633 2128 4222 4459 8275 5847 8171 6942 8974 9835 3103 1824 1290 9047 9522 441 7651 9280 4958 2614 9201 2098 9635 9214 8797 2398 5935 7926 9672 6596 5975 6560 4956 9828 3717 3411 109 2923 8696 39 5360 7556 4568 376 2339 1368 6212 466 6918 4440 3861 3523 1897 7296 4575 5008 2054 5238 6303 1113 4170 901 6753
59 7672 6600 1973 2257 2162 2530 9603 1691 8678 3860 4317 3467 4381 7316 1797 1055 1230 7522 8998 6431 5470 6540 9898 5602 5147 2606 8120 5745 8246 7183 3633 2128 4222 4459 8275 5847 8171 6942 8974 9835 3103 1824 1290 9047 9522 441 7651 9280 4958 2614 9201 2098 9635 9214 8797 2398 5935 7926 9672 6596 5975 6560 4956 9828 3717 3411 109 2923 8696 39 5360 7556 4568 376 2339 1368 6212 466 6918 4440 3861 3523 1897 7296 4575 5008 2054 5238 6303 1113 4170 901 6753
60 7672 6600 1973 2257 2162 2530 9603 1691 8678 3860 4317 3467 4381 7316 1797 1055 1230 7522 8998 6431 5470 6540 9898 5602 5147 2606 8120 5745 8246 7183 3633 2128 4222 4459 8275 5847 8171 6942 8974 9835 3103 1824 1290 9047 9522 441 7651 9280 4958 2614 9201 2098 9635 9214 8797 2398 5935 7926 9672 6596 5975 6560 4956 9828 3717 3411 109 2923 8696 39 5360 7556 4568 376 2339 1368 6212 466 6918 4440 3861 3523 1897 7296 4575 5008 2054 5238 6303 1113 4170 901 6753
61 7672 6600 1973 2257 2162 2530 9603 1691 8678 3860 4317 3467 4381 7316 1797 1055 1230 7522 8998 6431 5470 6540 9898 5602 5147 2606 8120 5745 8246 7183 3633 2128 4222 4459 8275 5847 8171 6942 8974 9835 3103 1824 1290 9047 9522 441 7651 9280 4958 2614 9201 2098 9635 9214 8797 2398 5935 7926 9672 6596 5975 6560 4956 9828 3717 3411 109 2923 8696 39 5360 7556 4568 376 2339 1368 6212 466 6918 4440 3861 3523 1897 7296 4575 5008 2054 5238 6303 1113 4170 901 6753
62 7672 6600 1973 2257 2162 2530 9603 1691 8678 3860 4317 3467 4381 7316 1797 1055 1230 7522 8998 6431 5470 6540 9898 5602 5147 2606 8120 5745 8246 7183 3633 2128 4222 4459 8275 5847 8171 6942 8974 9835 3103 1824 1290 9047 9522 441 7651 9280 4958 2614 9201 2098 9635 9214 8797 2398 5935 7926 9672 6596 5975 6560 4956 9828 3717 3411 109 2923 8696 39 5360 7556 4568 376 2339 1368 6212 466 6918 4440 3861 3523 1897 7296 4575 5008 2054 5238 6303 1113 4170 901 6753
63 7672 6600 1973 2257 2162 2530 9603 1691 8678 3860 4317 3467 4381 7316 1797 1055 1230 7522 8998 6431 5470 6540 9898 5602 5147 2606 8120 5745 8246 7183 3633 2128 4222 4459 8275 5847 8171 6942 8974 9835 3103 1824 1290 9047 9522 441 7651 9280 4958 2614 9201 2098 9635 9214 8797 2398 5935 7926 9672 6596 5975 6560 4956 9828 3717 3411 109 2923 8696 39 5360 7556 4568 376 2339 1368 6212 466 6918 4440 3861 3523 1897 7296 4575 5008 2054 5238 6303 1113 4170 901 6753
64 7672 6600 1973 2257 2162 2530 9603 1691 8678 3860 4317 3467 4381 7316 1797 1055 1230 7522 8998 6431 5470 6540 9898 5602 5147 2606 8120 5745 8246 7183 3633 2128 4222 4459 8275 5847 8171 6942 8974 9835 3103 1824 1290 9047 9522 441 7651 9280 4958 2614 9201 2098 9635 9214 8797 2398 5935 7926 9672 6596 5975 6560 4956 9828 3717 3411 109 2923 8696 39 5360 7556 4568 376 2339 1368 6212 466 6918 4440 3861 3523 1897 7296 4575 5008 2054 5238 6303 1113 4170 901 6753
65 7672 6600 1973 2257 2162 2530 9603 1691 8678 3860 4317 3467 4381 7316 1797 1055 1230 7522 8998 6431 5470 6540 9898 5602 5147 2606 8120 5745 8246 7183 3633 2128 4222 4459 8275 5847 8171 6942 8974 9835 3103 1824 1290 9047 9522 441 7651 9280 4958 2614 9201 2098 9635 9214 8797 2398 5935 7926 9672 6596 5975 6560 4956 9828 3717 3411 109 2923 8696 39 5360 7556 4568 376 2339 1368 6212 466 6918 4440 3861 3523 1897 7296 4575 5008 2054 5238 6303 1113 4170 901 6753
66 7672 6600 1973 2257 2162 2530 9603 1691 8678 3860 4317 3467 4381 7316 1797 1055 1230 7522 8998 6431 5470 6540 9898 5602 5147 2606 8120 5745 8246 7183 3633 2128 4222 4459 8275 5847 8171 6942 8974 9835 3103 1824 1290 9047 9522 441 7651 9280 4958 2614 9201 2098 9635 9214 8797 2398 5935 7926 9672 6596 5975 6560 4956 9828 3717 3411 109 2923 8696 39 5360 7556 4568 376 2339 1368 6212 466 6918 4440 3861 3523 1897 7296 4575 5008 2054 5238 6303 1113 4170 901 6753
67 7672 6600 1973 2257 2162 2530 9603 1691 8678 3860 4317 3467 4381 7316 1797 1055 1230 7522 8998 6431 5470 6540 9898 5602 5147 2606 8120 5745 8246 7183 3633 2128 4222 4459 8275 5847 8171 6942 8974 9835 3103 1824 1290 9047 9522 441 7651 9280 4958 2614 9201 2098 9635 9214 8797 2398 5935 7926 9672 6596 5975 6560 4956 9828 3717 3411 109 2923 8696 39 5360 7556 4568 376 2339 1368 6212 466 6918 4440 3861 3523 1897 7296 4575 5008 2054 5238 6303 1113 4170 901 6753
68 7672 6600 1973 2257 2162 2530 9603 1691 8678 3860 4317 3467 4381 7316 1797 1055 1230 7522 8998 6431 5470 6540 9898 5602 5147 2606 8120 5745 8246 7183 3633 2128 4222 4459 8275 5847 8171 6942 8974 9835 3103 1824 1290 9047 9522 441 7651 9280 4958 2614 9201 2098 9635 9214 8797 2398 5935 7926 9672 6596 5975 6560 4956 9828 3717 3411 109 2923 8696 39 5360 7556 4568 376 2339 1368 6212 466 6918 4440 3861 3523 1897 7296 4575 5008 2054 5238 6303 1113 4170 901 6753
69 7672 6600 1973 2257 2162 2530 9603 1691 8678 3860 4317 3467 4381 7316 1797 1055 1230 7522 8998 6431 5470 6540 9898 5602 5147 2606 8120 5745 8246 7183 3633 2128 4222 4459 8275 5847 8171 6942 8974 9835 3103 1824 1290 9047 9522 441 7651 9280 4958 2614 9201 2098 9635 9214 8797 2398 5935 7926 9672 6596 5975 6560 4956 9828 3717 3411 109 2923 8696 39 5360 7556 4568 376 2339 1368 6212 466 6918 4440 3861 3523 1897 7296 4575 5008 2054 5238 6303 1113 4170 901 6753
70 7672 6600 1973 2257 2162 2530 9603 1691 8678 3860 4317 3467 4381 7316 1797 1055 1230 7522 8998 6431 5470 6540 9898 5602 5147 2606 8120 5745 8246 7183 3633 2128 4222 4459 8275 5847 8171 6942 8974 9835 3103 1824 1290 9047 9522 441 7651 9280 4958 2614 9201 2098 9635 9214 8797 2398 5935 7926 9672 6596 5975 6560 4956 9828 3717 3411 109 2923 8696 39 5360 7556 4568 376 2339 1368 6212 466 6918 4440 3861 3523 1897 7296 4575 5008 2054 5238 6303 1113 4170 901 6753
71 7672 6600 1973 2257 2162 2530 9603 1691 8678 3860 4317 3467 4381 7316 1797 1055 1230 7522 8998 6431 5470 6540 9898 5602 5147 2606 8120 5745 8246 7183 3633 2128 4222 4459 8275 5847 8171 6942 8974 9835 3103 1824 1290 9047 9522 441 7651 9280 4958 2614 9201 2098 9635 9214 8797 2398 5935 7926 9672 6596 5975 6560 4956 9828 3717 3411 109 2923 8696 39 5360 7556 4568 376 2339 1368 6212 466 6918 4440 3861 3523 1897 7296 4575 5008 2054 5238 6303 1113 4170 901 6753
72 7672 6600 1973 2257 2162 2530 9603 1691 8678 3860 4317 3467 4381 7316 1797 1055 1230 7522 8998 6431 5470 6540 9898 5602 5147 2606 8120 5745 8246 7183 3633 2128 4222 4459 8275 5847 8171 6942 8974 9835 3103 1824 1290 9047 9522 441 7651 9280 4958 2614 9201 2098 9635 9214 8797 2398 5935 7926 9672 6596 5975 6560 4956 9828 3717 3411 109 2923 8696 39 5360 7556 4568 376 2339 1368 6212 466 6918 4440 3861 3523 1897 7296 4575 5008 2054 5238 6303 1113 4170 901 6753
73 7672 6600 1973 2257 2162 2530 9603 1691 8678 3860 4317 3467 4381 7316 1797 1055 1230 7522 8998 6431 5470 6540 9898 5602 5147 2606 8120 5745 8246 7183 3633 2128 4222 4459 8275 5847 8171 6942 8974 9835 3103 1824 1290 9047 9522 441 7651 9280 4958 2614 9201 2098 9635 9214 8797 2398 5935 7926 9672 6596 5975 6560 4956 9828 3717 3411 109 2923 8696 39 5360 7556 4568 376 2339 1368 6212 466 6918 4440 3861 3523 1897 7296 4575 5008 2054 5238 6303 1113 4170 901 6753
74 7672 6600 1973 2257 2162 2530 9603 1691 8678 3860 4317 3467 4381 7316 1797 1055 1230 7522 8998 6431 5470 6540 9898 5602 5147 2606 8120 5745 8246 7183 3633 2128 4222 4459 8275 5847 8171 6942 8974 9835 3103 1824 1290 9047 9522 441 7651 9280 4958 2614 9201 2098 9635 9214 8797 2398 5935 7926 9672 6596 5975 6560 4956 9828 3717 3411 109 2923 8696 39 5360 7556 4568 376 2339 1368 6212 466 6918 4440 3861 3523 1897 7296 4575 5008 2054 5238 6303 1113 4170 901 6753
75 7672 6600 1973 2257 2162 2530 9603 1691 8678 3860 4317 3467 4381 7316 1797 1055 1230 7522 8998 6431 5470 6540 9898 5602 5147 2606 8120 5745 8246 7183 3633 2128 4222 4459 8275 5847 8171 6942 8974 9835 3103 1824 1290 9047 9522 441 7651 9280 4958 2614 9201 2098 9635 9214 8797 2398 5935 7926 9672 6596 5975 6560 4956 9828 3717 3411 109 2923 8696 39 5360 7556 4568 376 2339 1368 6212 466 6918 4440 3861 3523 1897 7296 4575 5008 2054 5238 6303 1113 4170 901 6753
76 7672 6600 1973 2257 2162 2530 9603 1691 8678 3860 4317 3467 4381 7316 1797 1055 1230 7522 8998 6431 5470 6540 9898 5602 5147 2606 8120 5745 8246 7183 3633 2128 4222 4459 8275 5847 8171 6942 8974 9835 3103 1824 1290 9047 9522 441 7651 9280 4958 2614 9201 2098 9635 9214 8797 2398 5935 7926 9672 6596 5975 6560 4956 9828 3717 3411 109 2923 8696 39 5360 7556 4568 376 2339 1368 6212 466 6918 4440 3861 3523 1897 7296 4575 5008 2054 5238 6303 1113 4170 901 6753
77 7672 6600 1973 2257 2162 2530 9603 1691 8678 3860 4317 3467 4381 7316 1797 1055 1230 7522 8998 6431 5470 6540 9898 5602 5147 2606 8120 5745 8246 7183 3633 2128 4222 4459 8275 5847 8171 6942 8974 9835 3103 1824 1290 9047 9522 441 7651 9280 4958 2614 9201 2098 9635 9214 8797 2398 5935 7926 9672 6596 5975 6560 4956 9828 3717 3411 109 2923 8696 39 5360 7556 4568 376 2339 1368 6212 466 6918 4440 3861 3523 1897 7296 4575 5008 2054 5238 6303 1113 4170 901 6753
78 7672 6600 1973 2257 2162 2530 9603 1691 8678 3860 4317 3467 4381 7316 1797 1055 1230 7522 8998 6431 5470 6540 9898 5602 5147 2606 8120 5745 8246 7183 3633 2128 4222 4459 8275 5847 8171 6942 8974 9835 3103 1824 1290 9047 9522 441 7651 9280 4958 2614 9201 2098 9635 9214 8797 2398 5935 7926 9672 6596 5975 6560 4956 9828 3717 3411 109 2923 8696 39 5360 7556 4568 376 2339 1368 6212 466 6918 4440 3861 3523 1897 7296 4575 5008 2054 5238 6303 1113 4170 901 6753
79 7672 6600 1973 2257 2162 2530 9603 1691 8678 3860 4317 3467 4381 7316 1797 1055 1230 7522 8998 6431 5470 6540 9898 5602 5147 2606 8120 5745 8246 7183 3633 2128 4222 4459 8275 5847 8171 6942 8974 9835 3103 1824 1290 9047 9522 441 7651 9280 4958 2614 9201 2098 9635 9214 8797 2398 5935 7926 9672 6596 5975 6560 4956 9828 3717 3411 109 2923 8696 39 5360 7556 4568 376 2339 1368 6212 466 6918 4440 3861 3523 1897 7296 4575 5008 2054 5238 6303 1113 4170 901 6753
80 7672 6600 1973 2257 2162 2530 9603 1691 8678 3860 4317 3467 4381 7316 1797 1055 1230 7522 8998 6431 5470 6540 9898 5602 5147 2606 8120 5745 8246 7183 3633 2128 4222 4459 8275 5847 8171 6942 8974 9835 3103 1824 1290 9047 9522 441 7651 9280 4958 2614 9201 2098 9635 9214 8797 2398 5935 7926 9672 6596 5975 6560 4956 9828 3717 3411 109 2923 8696 39 5360 7556 4568 376 2339 1368 6212 466 6918 4440 3861 3523 1897 7296 4575 5008 2054 5238 6303 1113 4170 901 6753
81 7672 6600 1973 2257 2162 2530 9603 1691 8678 3860 4317 3467 4381 7316 1797 1055 1230 7522 8998 6431 5470 6540 9898 5602 5147 2606 8120 5745 8246 7183 3633 2128 4222 4459 8275 5847 8171 6942 8974 9835 3103 1824 1290 9047 9522 441 7651 9280 4958 2614 9201 2098 9635 9214 8797 2398 5935 7926 9672 6596 5975 6560 4956 9828 3717 3411 109 2923 8696 39 5360 7556 4568 376 2339 1368 6212 466 6918 4440 3861 3523 1897 7296 4575 5008 2054 5238 6303 1113 4170 901 6753
82 7672 6600 1973 2257 2162 2530 9603 1691 8678 3860 4317 3467 4381 7316 1797 1055 1230 7522 8998 6431 5470 6540 9898 5602 5147 2606 8120 5745 8246 7183 3633 2128 4222 4459 8275 5847 8171 6942 8974 9835 3103 1824 1290 9047 9522 441 7651 9280 4958 2614 9201 2098 9635 9214 8797 2398 5935 7926 9672 6596 5975 6560 4956 9828 3717 3411 109 2923 8696 39 5360 7556 4568 376 2339 1368 6212 466 6918 4440 3861 3523 1897 7296 4575 5008 2054 5238 6303 1113 4170 901 6753
83 7672 6600 1973 2257 2162 2530 9603 1691 8678 3860 4317 3467 4381 7316 1797 1055 1230 7522 8998 6431 5470 6540 9898 5602 5147 2606 8120 5745 8246 7183 3633 2128 4222 4459 8275 5847 8171 6942 8974 9835 3103 1824 1290 9047 9522 441 7651 9280 4958 2614 9201 2098 9635 9214 8797 2398 5935 7926 9672 6596 5975 6560 4956 9828 3717 3411 109 2923 8696 39 5360 7556 4568 376 2339 1368 6212 466 6918 4440 3861 3523 1897 7296 4575 5008 2054 5238 6303 1113 4170 901 6753
84 7672 6600 1973 2257 2162 2530 9603 1691 8678 3860 4317 3467 4381 7316 1797 1055 1230 7522 8998 6431 5470 6540 9898 5602 5147 2606 8120 5745 8246 7183 3633 2128 4222 4459 8275 5847 8171 6942 8974 9835 3103 1824 1290 9047 9522 441 7651 9280 4958 2614 9201 2098 9635 9214 8797 2398 5935 7926 9672 6596 5975 6560 4956 9828 3717 3411 109 2923 8696 39 5360 7556 4568 376 2339 1368 6212 466 6918 4440 3861 3523 1897 7296 4575 5008 2054 5238 6303 1113 4170 901 6753
85 7672 6600 1973 2257 2162 2530 9603 1691 8678 3860 4317 3467 4381 7316 1797 1055 1230 7522 8998 6431 5470 6540 9898 5602 5147 2606 8120 5745 8246 7183 3633 2128 4222 4459 8275 5847 8171 6942 8974 9835 3103 1824 1290 9047 9522 441 7651 9280 4958 2614 9201 2098 9635 9214 8797 2398 5935 7926 9672 6596 5975 6560 4956 9828 3717 3411 109 2923 8696 39 5360 7556 4568 376 2339 1368 6212 466 6918 4440 3861 3523 1897 7296 4575 5008 2054 5238 6303 1113 4170 901 6753
86 7672 6600 1973 2257 2162 2530 9603 1691 8678 3860 4317 3467 4381 7316 1797 1055 1230 7522 8998 6431 5470 6540 9898 5602 5147 2606 8120 5745 8246 7183 3633 2128 4222 4459 8275 5847 8171 6942 8974 9835 3103 1824 1290 9047 9522 441 7651 9280 4958 2614 9201 2098 9635 9214 8797 2398 5935 7926 9672 6596 5975 6560 4956 9828 3717 3411 109 2923 8696 39 5360 7556 4568 376 2339 1368 6212 466 6918 4440 3861 3523 1897 7296 4575 5008 2054 5238 6303 1113 4170 901 6753
87 7672 6600 1973 2257 2162 2530 9603 1691 8678 3860 4317 3467 4381 7316 1797 1055 1230 7522 8998 6431 5470 6540 9898 5602 5147 2606 8120 5745 8246 7183 3633 2128 4222 4459 8275 5847 8171 6942 8974 9835 3103 1824 1290 9047 9522 441 7651 9280 4958 2614 9201 2098 9635 9214 8797 2398 5935 7926 9672 6596 5975 6560 4956 9828 3717 3411 109 2923 8696 39 5360 7556 4568 376 2339 1368 6212 466 6918 4440 3861 3523 1897 7296 4575 5008 2054 5238 6303 1113 4170 901 6753
88 7672 6600 1973 2257 2162 2530 9603 1691 8678 3860 4317 3467 4381 7316 1797 1055 1230 7522 8998 6431 5470 6540 9898 5602 5147 2606 8120 5745 8246 7183 3633 2128 4222 4459 8275 5847 8171 6942 8974 9835 3103 1824 1290 9047 9522 441 7651 9280 4958 2614 9201 2098 9635 9214 8797 2398 5935 7926 9672 6596 5975 6560 4956 9828 3717 3411 109 2923 8696 39 5360 7556 4568 376 2339 1368 6212 466 6918 4440 3861 3523 1897 7296 4575 5008 2054 5238 6303 1113 4170 901 6753
89 7672 6600 1973 2257 2162 2530 9603 1691 8678 3860 4317 3467 4381 7316 1797 1055 1230 7522 8998 6431 5470 6540 9898 5602 5147 2606 8120 5745 8246 7183 3633 2128 4222 4459 8275 5847 8171 6942 8974 9835 3103 1824 1290 9047 9522 441 7651 9280 4958 2614 9201 2098 9635 9214 8797 2398 5935 7926 9672 6596 5975 6560 4956 9828 3717 3411 109 2923 8696 39 5360 7556 4568 376 2339 1368 6212 466 6918 4440 3861 3523 1897 7296 4575 5008 2054 5238 6303 1113 4170 901 6753
90 7672 6600 1973 2257 2162 2530 9603 1691 8678 3860 4317 3467 4381 7316 1797 1055 1230 7522 8998 6431 5470 6540 9898 5602 5147 2606 8120 5745 8246 7183 3633 2128 4222 4459 8275 5847 8171 6942 8974 9835 3103 1824 1290 9047 9522 441 7651 9280 4958 2614 9201 2098 9635 9214 8797 2398 5935 7926 9672 6596 5975 6560 4956 9828 3717 3411 109 2923 8696 39 5360 7556 4568 376 2339 1368 6212 466 6918 4440 3861 3523 1897 7296 4575 5008 2054 5238 6303 1113 4170 901 6753
91 7672 6600 1973 2257 2162 2530 9603 1691 8678 3860 4317 3467 4381 7316 1797 1055 1230 7522 8998 6431 5470 6540 9898 5602 5147 2606 8120 5745 8246 7183 3633 2128 4222 4459 8275 5847 8171 6942 8974 9835 3103 1824 1290 9047 9522 441 7651 9280 4958 2614 9201 2098 9635 9214 8797 2398 5935 7926 9672 6596 5975 6560 4956 9828 3717 3411 109 2923 8696 39 5360 7556 4568 376 2339 1368 6212 466 6918 4440 3861 3523 1897 7296 4575 5008 2054 5238 6303 1113 4170 901 6753
92 7672 6600 1973 2257 2162 2530 9603 1691 8678 3860 4317 3467 4381 7316 1797 1055 1230 7522 8998 6431 5470 6540 9898 5602 5147 2606 8120 5745 8246 7183 3633 2128 4222 4459 8275 5847 8171 6942 8974 9835 3103 1824 1290 9047 9522 441 7651 9280 4958 2614 9201 2098 9635 9214 8797 2398 5935 7926 9672 6596 5975 6560 4956 9828 3717 3411 109 2923 8696 39 5360 7556 4568 376 2339 1368 6212 466 6918 4440 3861 3523 1897 7296 4575 5008 2054 5238 6303 1113 4170 901 6753
93 7672 6600 1973 2257 2162 2530 9603 1691 8678 3860 4317 3467 4381 7316 1797 1055 1230 7522 8998 6431 5470 6540 9898 5602 5147 2606 8120 5745 8246 7183 3633 2128 4222 4459 8275 5847 8171 6942 8974 9835 3103 1824 1290 9047 9522 441 7651 9280 4958 2614 9201 2098 9635 9214 8797 2398 5935 7926 9672 6596 5975 6560 4956 9828 3717 3411 109 2923 8696 39 5360 7556 4568 376 2339 1368 6212 466 6918 4440 3861 3523 1897 7296 4575 5008 2054 5238 6303 1113 4170 901 6753
94 7672 6600 1973 2257 2162 2530 9603 1691 8678 3860 4317 3467 4381 7316 1797 1055 1230 7522 8998 6431 5470 6540 9898 5602 5147 2606 8120 5745 8246 7183 3633 2128 4222 4459 8275 5847 8171 6942 8974 9835 3103 1824 1290 9047 9522 441 7651 9280 4958 2614 9201 2098 9635 9214 8797 2398 5935 7926 9672 6596 5975 6560 4956 9828 3717 3411 109 2923 8696 39 5360 7556 4568 376 2339 1368 6212 466 6918 4440 3861 3523 1897 7296 4575 5008 2054 5238 6303 1113 4170 901 6753
95 7672 6600 1973 2257 2162 2530 9603 1691 8678 3860 4317 3467 4381 7316 1797 1055 1230 7522 8998 6431 5470 6540 9898 5602 5147 2606 8120 5745 8246 7183 3633 2128 4222 4459 8275 5847 8171 6942 8974 9835 3103 1824 1290 9047 9522 441 7651 9280 4958 2614 9201 2098 9635 9214 8797 2398 5935 7926 9672 6596 5975 6560 4956 9828 3717 3411 109 2923 8696 39 5360 7556 4568 376 2339 1368 6212 466 6918 4440 3861 3523 1897 7296 4575 5008 2054 5238 6303 1113 4170 901 6753
96 7672 6600 1973 2257 2162 2530 9603 1691 8678 3860 4317 3467 4381 7316 1797 1055 1230 7522 8998 6431 5470 6540 9898 5602 5147 2606 8120 5745 8246 7183 3633 2128 4222 4459 8275 5847 8171 6942 8974 9835 3103 1824 1290 9047 9522 441 7651 9280 4958 2614 9201 2098 9635 9214 8797 2398 5935 7926 9672 6596 5975 6560 4956 9828 3717 3411 109 2923 8696 39 5360 7556 4568 376 2339 1368 6212 466 6918 4440 3861 3523 1897 7296 4575 5008 2054 5238 6303 1113 4170 901 6753
97 7672 6600 1973 2257 2162 2530 9603 1691 8678 3860 4317 3467 4381 7316 1797 1055 1230 7522 8998 6431 5470 6540 9898 5602 5147 2606 8120 5745 8246 7183 3633 2128 4222 4459 8275 5847 8171 6942 8974 9835 3103 1824 1290 9047 9522 441 7651 9280 4958 2614 9201 2098 9635 9214 8797 2398 5935 7926 9672 6596 5975 6560 4956 9828 3717 3411 109 2923 8696 39 5360 7556 4568 376 2339 1368 6212 466 6918 4440 3861 3523 1897 7296 4575 5008 2054 5238 6303 1113 4170 901 6753
98 7672 6600 1973 2257 2162 2530 9603 1691 8678 3860 4317 3467 4381 7316 1797 1055 1230 7522 8998 6431 5470 6540 9898 5602 5147 2606 8120 5745 8246 7183 3633 2128 4222 4459 8275 5847 8171 6942 8974 9835 3103 1824 1290 9047 9522 441 7651 9280 4958 2614 9201 2098 9635 9214 8797 2398 5935 7926 9672 6596 5975 6560 4956 9828 3717 3411 109 2923 8696 39 5360 7556 4568 376 2339 1368 6212 466 6918 4440 3861 3523 1897 7296 4575 5008 2054 5238 6303 1113 4170 901 6753
99 7672 6600 1973 2257 2162 2530 9603 1691 8678 3860 4317 3467 4381 7316 1797 1055 1230 7522 8998 6431 5470 6540 9898 5602 5147 2606 8120 5745 8246 7183 3633 2128 4222 4459 8275 5847 8171 6942 8974 9835 3103 1824 1290 9047 9522 441 7651 9280 4958 2614 9201 2098 9635 9214 8797 2398 5935 7926 9672 6596 5975 6560 4956 9828 3717 3411 109 2923 8696 39 5360 7556 4568 376 2339 1368 6212 466 6918 4440 3861 3523 1897 7296 4575 5008 2054 5238 6303 1113 4170 901 6753
