100
0 3 11 13 22 20 26 24 16 25 2 8 6 18 19 21 34 15 1 12 23 10 47 9 4 38 5 17 31 44 28 27 7 0 60 30 14 69 138 3244 1290
1 3 11 13 22 20 26 24 16 25 2 8 6 18 19 21 34 15 1 12 23 10 47 9 4 38 5 17 31 44 28 27 7 0 60 30 14 69 138 3244 1290
2 3 11 13 22 20 26 24 16 25 2 8 6 18 19 21 34 15 1 12 23 10 47 9 4 38 5 17 31 44 28 27 7 0 60 30 14 69 138 3244 1290
3 3 11 13 22 20 26 24 16 25 2 8 6 18 19 21 34 15 1 12 23 10 47 9 4 38 5 17 31 44 28 27 7 0 60 30 14 69 138 3244 1290
4 3 11 13 22 20 26 24 16 25 2 8 6 18 19 21 34 15 1 12 23 10 47 9 4 38 5 17 31 44 28 27 7 0 60 30 14 69 138 3244 1290
5 3 11 13 22 20 26 24 16 25 2 8 6 18 19 21 34 15 1 12 23 10 47 9 4 38 5 17 31 44 28 27 7 0 60 30 14 69 138 3244 1290
6 3 11 13 22 20 26 24 16 25 2 8 6 18 19 21 34 15 1 12 23 10 47 9 4 38 5 17 31 44 28 27 7 0 60 30 14 69 138 3244 1290
7 3 11 13 22 20 26 24 16 25 2 8 6 18 19 21 34 15 1 12 23 10 47 9 4 38 5 17 31 44 28 27 7 0 60 30 14 69 138 3244 1290
8 3 11 13 22 20 26 24 16 25 2 8 6 18 19 21 34 15 1 12 23 10 47 9 4 38 5 17 31 44 28 27 7 0 60 30 14 69 138 3244 1290
9 3 11 13 22 20 26 24 16 25 2 8 6 18 19 21 34 15 1 12 23 10 47 9 4 38 5 17 31 44 28 27 7 0 60 30 14 69 138 3244 1290
10 3 11 13 22 20 26 24 16 25 2 8 6 18 19 21 34 15 1 12 23 10 47 9 4 38 5 17 31 44 28 27 7 0 60 30 14 69 138 3244 1290
11 3 11 13 22 20 26 24 16 25 2 8 6 18 19 21 34 15 1 12 23 10 47 9 4 38 5 17 31 44 28 27 7 0 60 30 14 69 138 3244 1290
12 3 11 13 22 20 26 24 16 25 2 8 6 18 19 21 34 15 1 12 23 10 47 9 4 38 5 17 31 44 28 27 7 0 60 30 14 69 138 3244 1290
13 3 11 13 22 20 26 24 16 25 2 8 6 18 19 21 34 15 1 12 23 10 47 9 4 38 5 17 31 44 28 27 7 0 60 30 14 69 138 3244 1290
14 3 11 13 22 20 26 24 16 25 2 8 6 18 19 21 34 15 1 12 23 10 47 9 4 38 5 17 31 44 28 27 7 0 60 30 14 69 138 3244 1290
15 3 11 13 22 20 26 24 16 25 2 8 6 18 19 21 34 15 1 12 23 10 47 9 4 38 5 17 31 44 28 27 7 0 60 30 14 69 138 3244 1290
16 3 11 13 22 20 26 24 16 25 2 8 6 18 19 21 34 15 1 12 23 10 47 9 4 38 5 17 31 44 28 27 7 0 60 30 14 69 138 3244 1290
17 3 11 13 22 20 26 24 16 25 2 8 6 18 19 21 34 15 1 12 23 10 47 9 4 38 5 17 31 44 28 27 7 0 60 30 14 69 138 3244 1290
18 3 11 13 22 20 26 24 16 25 2 8 6 18 19 21 34 15 1 12 23 10 47 9 4 38 5 17 31 44 28 27 7 0 60 30 14 69 138 3244 1290
19 3 11 13 22 20 26 24 16 25 2 8 6 18 19 21 34 15 1 12 23 10 47 9 4 38 5 17 31 44 28 27 7 0 60 30 14 69 138 3244 1290
20 3 11 13 22 20 26 24 16 25 2 8 6 18 19 21 34 15 1 12 23 10 47 9 4 38 5 17 31 44 28 27 7 0 60 30 14 69 138 3244 1290
21 3 11 13 22 20 26 24 16 25 2 8 6 18 19 21 34 15 1 12 23 10 47 9 4 38 5 17 31 44 28 27 7 0 60 30 14 69 138 3244 1290
22 3 11 13 22 20 26 24 16 25 2 8 6 18 19 21 34 15 1 12 23 10 47 9 4 38 5 17 31 44 28 27 7 0 60 30 14 69 138 3244 1290
23 3 11 13 22 20 26 24 16 25 2 8 6 18 19 21 34 15 1 12 23 10 47 9 4 38 5 17 31 44 28 27 7 0 60 30 14 69 138 3244 1290
24 3 11 13 22 20 26 24 16 25 2 8 6 18 19 21 34 15 1 12 23 10 47 9 4 38 5 17 31 44 28 27 7 0 60 30 14 69 138 3244 1290
25 3 11 13 22 20 26 24 16 25 2 8 6 18 19 21 34 15 1 12 23 10 47 9 4 38 5 17 31 44 28 27 7 0 60 30 14 69 138 3244 1290
26 3 11 13 22 20 26 24 16 25 2 8 6 18 19 21 34 15 1 12 23 10 47 9 4 38 5 17 31 44 28 27 7 0 60 30 14 69 138 3244 1290
27 3 11 13 22 20 26 24 16 25 2 8 6 18 19 21 34 15 1 12 23 10 47 9 4 38 5 17 31 44 28 27 7 0 60 30 14 69 138 3244 1290
28 3 11 13 22 20 26 24 16 25 2 8 6 18 19 21 34 15 1 12 23 10 47 9 4 38 5 17 31 44 28 27 7 0 60 30 14 69 138 3244 1290
29 3 11 13 22 20 26 24 16 25 2 8 6 18 19 21 34 15 1 12 23 10 47 9 4 38 5 17 31 44 28 27 7 0 60 30 14 69 138 3244 1290
30 3 11 13 22 20 26 24 16 25 2 8 6 18 19 21 34 15 1 12 23 10 47 9 4 38 5 17 31 44 28 27 7 0 60 30 14 69 138 3244 1290
31 3 11 13 22 20 26 24 16 25 2 8 6 18 19 21 34 15 1 12 23 10 47 9 4 38 5 17 31 44 28 27 7 0 60 30 14 69 138 3244 1290
32 3 11 13 22 20 26 24 16 25 2 8 6 18 19 21 34 15 1 12 23 10 47 9 4 38 5 17 31 44 28 27 7 0 60 30 14 69 138 3244 1290
33 3 11 13 22 20 26 24 16 25 2 8 6 18 19 21 34 15 1 12 23 10 47 9 4 38 5 17 31 44 28 27 7 0 60 30 14 69 138 3244 1290
34 3 11 13 22 20 26 24 16 25 2 8 6 18 19 21 34 15 1 12 23 10 47 9 4 38 5 17 31 44 28 27 7 0 60 30 14 69 138 3244 1290
35 3 11 13 22 20 26 24 16 25 2 8 6 18 19 21 34 15 1 12 23 10 47 9 4 38 5 17 31 44 28 27 7 0 60 30 14 69 138 3244 1290
36 3 11 13 22 20 26 24 16 25 2 8 6 18 19 21 34 15 1 12 23 10 47 9 4 38 5 17 31 44 28 27 7 0 60 30 14 69 138 3244 1290
37 3 11 13 22 20 26 24 16 25 2 8 6 18 19 21 34 15 1 12 23 10 47 9 4 38 5 17 31 44 28 27 7 0 60 30 14 69 138 3244 1290
38 3 11 13 22 20 26 24 16 25 2 8 6 18 19 21 34 15 1 12 23 10 47 9 4 38 5 17 31 44 28 27 7 0 60 30 14 69 138 3244 1290
39 3 11 13 22 20 26 24 16 25 2 8 6 18 19 21 34 15 1 12 23 10 47 9 4 38 5 17 31 44 28 27 7 0 60 30 14 69 138 3244 1290
40 3 11 13 22 20 26 24 16 25 2 8 6 18 19 21 34 15 1 12 23 10 47 9 4 38 5 17 31 44 28 27 7 0 60 30 14 69 138 3244 1290
41 3 11 13 22 20 26 24 16 25 2 8 6 18 19 21 34 15 1 12 23 10 47 9 4 38 5 17 31 44 28 27 7 0 60 30 14 69 138 3244 1290
42 3 11 13 22 20 26 24 16 25 2 8 6 18 19 21 34 15 1 12 23 10 47 9 4 38 5 17 31 44 28 27 7 0 60 30 14 69 138 3244 1290
43 3 11 13 22 20 26 24 16 25 2 8 6 18 19 21 34 15 1 12 23 10 47 9 4 38 5 17 31 44 28 27 7 0 60 30 14 69 138 3244 1290
44 3 11 13 22 20 26 24 16 25 2 8 6 18 19 21 34 15 1 12 23 10 47 9 4 38 5 17 31 44 28 27 7 0 60 30 14 69 138 3244 1290
45 3 11 13 22 20 26 24 16 25 2 8 6 18 19 21 34 15 1 12 23 10 47 9 4 38 5 17 31 44 28 27 7 0 60 30 14 69 138 3244 1290
46 3 11 13 22 20 26 24 16 25 2 8 6 18 19 21 34 15 1 12 23 10 47 9 4 38 5 17 31 44 28 27 7 0 60 30 14 69 138 3244 1290
47 3 11 13 22 20 26 24 16 25 2 8 6 18 19 21 34 15 1 12 23 10 47 9 4 38 5 17 31 44 28 27 7 0 60 30 14 69 138 3244 1290
48 3 11 13 22 20 26 24 16 25 2 8 6 18 19 21 34 15 1 12 23 10 47 9 4 38 5 17 31 44 28 27 7 0 60 30 14 69 138 3244 1290
49 3 11 13 22 20 26 24 16 25 2 8 6 18 19 21 34 15 1 12 23 10 47 9 4 38 5 17 31 44 28 27 7 0 60 30 14 69 138 3244 1290
50 3 11 13 22 20 26 24 16 25 2 8 6 18 19 21 34 15 1 12 23 10 47 9 4 38 5 17 31 44 28 27 7 0 60 30 14 69 138 3244 1290
51 3 11 13 22 20 26 24 16 25 2 8 6 18 19 21 34 15 1 12 23 10 47 9 4 38 5 17 31 44 28 27 7 0 60 30 14 69 138 3244 1290
52 3 11 13 22 20 26 24 16 25 2 8 6 18 19 21 34 15 1 12 23 10 47 9 4 38 5 17 31 44 28 27 7 0 60 30 14 69 138 3244 1290
53 3 11 13 22 20 26 24 16 25 2 8 6 18 19 21 34 15 1 12 23 10 47 9 4 38 5 17 31 44 28 27 7 0 60 30 14 69 138 3244 1290
54 3 11 13 22 20 26 24 16 25 2 8 6 18 19 21 34 15 1 12 23 10 47 9 4 38 5 17 31 44 28 27 7 0 60 30 14 69 138 3244 1290
55 3 11 13 22 20 26 24 16 25 2 8 6 18 19 21 34 15 1 12 23 10 47 9 4 38 5 17 31 44 28 27 7 0 60 30 14 69 138 3244 1290
56 3 11 13 22 20 26 24 16 25 2 8 6 18 19 21 34 15 1 12 23 10 47 9 4 38 5 17 31 44 28 27 7 0 60 30 14 69 138 3244 1290
57 3 11 13 22 20 26 24 16 25 2 8 6 18 19 21 34 15 1 12 23 10 47 9 4 38 5 17 31 44 28 27 7 0 60 30 14 69 138 3244 1290
58 3 11 13 22 20 26 24 16 25 2 8 6 18 19 21 34 15 1 12 23 10 47 9 4 38 5 17 31 44 28 27 7 0 60 30 14 69 138 3244 1290
59 3 11 13 22 20 26 24 16 25 2 8 6 18 19 21 34 15 1 12 23 10 47 9 4 38 5 17 31 44 28 27 7 0 60 30 14 69 138 3244 1290
60 3 11 13 22 20 26 24 16 25 2 8 6 18 19 21 34 15 1 12 23 10 47 9 4 38 5 17 31 44 28 27 7 0 60 30 14 69 138 3244 1290
61 3 11 13 22 20 26 24 16 25 2 8 6 18 19 21 34 15 1 12 23 10 47 9 4 38 5 17 31 44 28 27 7 0 60 30 14 69 138 3244 1290
62 3 11 13 22 20 26 24 16 25 2 8 6 18 19 21 34 15 1 12 23 10 47 9 4 38 5 17 31 44 28 27 7 0 60 30 14 69 138 3244 1290
63 3 11 13 22 20 26 24 16 25 2 8 6 18 19 21 34 15 1 12 23 10 47 9 4 38 5 17 31 44 28 27 7 0 60 30 14 69 138 3244 1290
64 3 11 13 22 20 26 24 16 25 2 8 6 18 19 21 34 15 1 12 23 10 47 9 4 38 5 17 31 44 28 27 7 0 60 30 14 69 138 3244 1290
65 3 11 13 22 20 26 24 16 25 2 8 6 18 19 21 34 15 1 12 23 10 47 9 4 38 5 17 31 44 28 27 7 0 60 30 14 69 138 3244 1290
66 3 11 13 22 20 26 24 16 25 2 8 6 18 19 21 34 15 1 12 23 10 47 9 4 38 5 17 31 44 28 27 7 0 60 30 14 69 138 3244 1290
67 3 11 13 22 20 26 24 16 25 2 8 6 18 19 21 34 15 1 12 23 10 47 9 4 38 5 17 31 44 28 27 7 0 60 30 14 69 138 3244 1290
68 3 11 13 22 20 26 24 16 25 2 8 6 18 19 21 34 15 1 12 23 10 47 9 4 38 5 17 31 44 28 27 7 0 60 30 14 69 138 3244 1290
69 3 11 13 22 20 26 24 16 25 2 8 6 18 19 21 34 15 1 12 23 10 47 9 4 38 5 17 31 44 28 27 7 0 60 30 14 69 138 3244 1290
70 3 11 13 22 20 26 24 16 25 2 8 6 18 19 21 34 15 1 12 23 10 47 9 4 38 5 17 31 44 28 27 7 0 60 30 14 69 138 3244 1290
71 3 11 13 22 20 26 24 16 25 2 8 6 18 19 21 34 15 1 12 23 10 47 9 4 38 5 17 31 44 28 27 7 0 60 30 14 69 138 3244 1290
72 3 11 13 22 20 26 24 16 25 2 8 6 18 19 21 34 15 1 12 23 10 47 9 4 38 5 17 31 44 28 27 7 0 60 30 14 69 138 3244 1290
73 3 11 13 22 20 26 24 16 25 2 8 6 18 19 21 34 15 1 12 23 10 47 9 4 38 5 17 31 44 28 27 7 0 60 30 14 69 138 3244 1290
74 3 11 13 22 20 26 24 16 25 2 8 6 18 19 21 34 15 1 12 23 10 47 9 4 38 5 17 31 44 28 27 7 0 60 30 14 69 138 3244 1290
75 3 11 13 22 20 26 24 16 25 2 8 6 18 19 21 34 15 1 12 23 10 47 9 4 38 5 17 31 44 28 27 7 0 60 30 14 69 138 3244 1290
76 3 11 13 22 20 26 24 16 25 2 8 6 18 19 21 34 15 1 12 23 10 47 9 4 38 5 17 31 44 28 27 7 0 60 30 14 69 138 3244 1290
77 3 11 13 22 20 26 24 16 25 2 8 6 18 19 21 34 15 1 12 23 10 47 9 4 38 5 17 31 44 28 27 7 0 60 30 14 69 138 3244 1290
78 3 11 13 22 20 26 24 16 25 2 8 6 18 19 21 34 15 1 12 23 10 47 9 4 38 5 17 31 44 28 27 7 0 60 30 14 69 138 3244 1290
79 3 11 13 22 20 26 24 16 25 2 8 6 18 19 21 34 15 1 12 23 10 47 9 4 38 5 17 31 44 28 27 7 0 60 30 14 69 138 3244 1290
80 3 11 13 22 20 26 24 16 25 2 8 6 18 19 21 34 15 1 12 23 10 47 9 4 38 5 17 31 44 28 27 7 0 60 30 14 69 138 3244 1290
81 3 11 13 22 20 26 24 16 25 2 8 6 18 19 21 34 15 1 12 23 10 47 9 4 38 5 17 31 44 28 27 7 0 60 30 14 69 138 3244 1290
82 3 11 13 22 20 26 24 16 25 2 8 6 18 19 21 34 15 1 12 23 10 47 9 4 38 5 17 31 44 28 27 7 0 60 30 14 69 138 3244 1290
83 3 11 13 22 20 26 24 16 25 2 8 6 18 19 21 34 15 1 12 23 10 47 9 4 38 5 17 31 44 28 27 7 0 60 30 14 69 138 3244 1290
84 3 11 13 22 20 26 24 16 25 2 8 6 18 19 21 34 15 1 12 23 10 47 9 4 38 5 17 31 44 28 27 7 0 60 30 14 69 138 3244 1290
85 3 11 13 22 20 26 24 16 25 2 8 6 18 19 21 34 15 1 12 23 10 47 9 4 38 5 17 31 44 28 27 7 0 60 30 14 69 138 3244 1290
86 3 11 13 22 20 26 24 16 25 2 8 6 18 19 21 34 15 1 12 23 10 47 9 4 38 5 17 31 44 28 27 7 0 60 30 14 69 138 3244 1290
87 3 11 13 22 20 26 24 16 25 2 8 6 18 19 21 34 15 1 12 23 10 47 9 4 38 5 17 31 44 28 27 7 0 60 30 14 69 138 3244 1290
88 3 11 13 22 20 26 24 16 25 2 8 6 18 19 21 34 15 1 12 23 10 47 9 4 38 5 17 31 44 28 27 7 0 60 30 14 69 138 3244 1290
89 3 11 13 22 20 26 24 16 25 2 8 6 18 19 21 34 15 1 12 23 10 47 9 4 38 5 17 31 44 28 27 7 0 60 30 14 69 138 3244 1290
90 3 11 13 22 20 26 24 16 25 2 8 6 18 19 21 34 15 1 12 23 10 47 9 4 38 5 17 31 44 28 27 7 0 60 30 14 69 138 3244 1290
91 3 11 13 22 20 26 24 16 25 2 8 6 18 19 21 34 15 1 12 23 10 47 9 4 38 5 17 31 44 28 27 7 0 60 30 14 69 138 3244 1290
92 3 11 13 22 20 26 24 16 25 2 8 6 18 19 21 34 15 1 12 23 10 47 9 4 38 5 17 31 44 28 27 7 0 60 30 14 69 138 3244 1290
93 3 11 13 22 20 26 24 16 25 2 8 6 18 19 21 34 15 1 12 23 10 47 9 4 38 5 17 31 44 28 27 7 0 60 30 14 69 138 3244 1290
94 3 11 13 22 20 26 24 16 25 2 8 6 18 19 21 34 15 1 12 23 10 47 9 4 38 5 17 31 44 28 27 7 0 60 30 14 69 138 3244 1290
95 3 11 13 22 20 26 24 16 25 2 8 6 18 19 21 34 15 1 12 23 10 47 9 4 38 5 17 31 44 28 27 7 0 60 30 14 69 138 3244 1290
96 3 11 13 22 20 26 24 16 25 2 8 6 18 19 21 34 15 1 12 23 10 47 9 4 38 5 17 31 44 28 27 7 0 60 30 14 69 138 3244 1290
97 3 11 13 22 20 26 24 16 25 2 8 6 18 19 21 34 15 1 12 23 10 47 9 4 38 5 17 31 44 28 27 7 0 60 30 14 69 138 3244 1290
98 3 11 13 22 20 26 24 16 25 2 8 6 18 19 21 34 15 1 12 23 10 47 9 4 38 5 17 31 44 28 27 7 0 60 30 14 69 138 3244 1290
99 3 11 13 22 20 26 24 16 25 2 8 6 18 19 21 34 15 1 12 23 10 47 9 4 38 5 17 31 44 28 27 7 0 60 30 14 69 138 3244 1290
